-4.413998640573349 -84.11481260269512
-4.4364502018541 -84.10379539362887
-4.499198685973978 -83.9262950859299
-4.459746320345183 -83.84168572964323
-4.348250748966681 -83.77801778650992
-4.39772437791534 -83.79733783158429
-4.362708099423623 -83.74205553382438
-4.388096312995162 -83.6991544526462
-4.314490737473547 -83.67466574650491
-4.305368475741999 -83.62047850678378
-4.233520398723538 -83.52893319768768
-4.242207995056328 -83.54525064547539
-4.171232829600499 -83.54956533087875
-4.134767860546759 -83.50177846204873
-4.0917463558885 -83.47720053935448
-4.136649361567044 -83.4215682786678
-4.073711327075248 -83.42766196545143
-4.059865321223833 -83.45421352708372
-3.999959536097559 -83.39101197609399
-4.030430519014443 -83.33363226004873
-3.9888190988106462 -83.29315312318568
-3.9387834903184364 -83.1950990795097
-3.876730192063211 -83.189797296213
-3.9415761486223193 -83.12765466442741
-3.843101941601698 -83.09191205985289
-3.901910239859257 -83.05119572879072
-3.8007925962820934 -83.02135286799994
-3.766492985451385 -82.98412745402656
-3.7413111909372088 -82.99146940174526
-3.7198765416759536 -82.91429841070381
-3.6326677839330364 -82.79704549094687
-3.57706726027078 -82.8139422410316
-3.5878216317049314 -82.8195578334488
-3.549535978990234 -82.695867732594
-3.5530765876848065 -82.64664970755945
-3.4457607687196603 -82.60519789787007
-3.479977925947001 -82.53612539229748
-3.367309095508567 -82.58070097095273
-3.2614953837598444 -82.44833041202236
-3.2762367365165415 -82.4347102064712
-3.2421073988573834 -82.34865753064402
-3.249175215755565 -82.32123375073314
-3.189875993468228 -82.31176636241011
-3.1053521230343946 -82.55059295088441
-2.99696355542587 -82.4754641891826
-2.9997453791851116 -82.19575869042838
-2.971672371272408 -82.11870499107505
-2.920896322869817 -82.05848635723444
-2.959437789406585 -82.0248991180491
-2.847400414422278 -81.99372531058299
-2.8457162357443746 -81.99467895972184
-2.7460354594667327 -81.95453315903028
-2.686208737145574 -81.97830230593362
-2.696977549813508 -81.9036854262666
-2.6781035113211837 -81.90614329720701
-2.697648788115288 -81.82665021970725
-2.631624906910731 -81.71003855323443
-2.5897150841204493 -81.6403526305069
-2.3986699107271665 -81.5431763773249
-2.5123094409030853 -81.58079771572122
-2.3658988327692936 -81.52912699112964
-2.4327758663966037 -81.51585977266843
-2.3920538808672864 -81.47410001367962
-2.23696681596904 -81.39461150630203
-2.275587255322988 -81.40731123692088
-2.201690195124239 -81.33160964447796
-2.1361224243848573 -81.37175907479359
-2.063083618478934 -81.3018610589445
-2.061863179034135 -81.25167991549145
-2.0023010507806918 -81.22501206242744
-2.000223137624811 -81.20688153760565
-1.9340813614972423 -81.13309893940645
-1.8936514274764122 -81.12049718362921
-1.888807014568203 -81.10484153180258
-1.8820011012021443 -81.12196433981717
-1.893049322420219 -81.06552934532391
-1.767416705745784 -81.006001505863
-1.7557385090023285 -80.98885096843784
-1.7075531527823185 -80.92819074801038
-1.6493969798318548 -80.88228022159178
-1.577063828660479 -80.88362732529802
-1.5717558918200192 -80.83325451649685
-1.4927211795589035 -80.79743201641732
-1.4841784300140035 -80.77519301708361
-1.4746214175139902 -80.79522143582199
-1.4698409911409849 -80.73457617303673
-1.4628702106854272 -80.7622291647556
-1.3895937362417095 -80.71798103948052
-1.3186600269123696 -80.63057957347296
-1.2725169174795772 -80.6086412855212
-1.212060162702991 -80.56523363597404
-1.1065018662807746 -80.55221284576405
-1.1005054022949015 -80.55368663558589
-1.0884622163827302 -80.54820941467085
-1.0131153238252086 -80.51812738234972
-0.9534437874649825 -80.46276104788244
-0.8839760165974225 -80.43820909107366
-0.8426233702786015 -80.45334090242469
-0.7919100692083016 -80.42033723889234
-0.705210912452542 -80.3615216355085
-0.6722610136160536 -80.33379836233229
-0.6375589320218216 -80.35322645714352
-0.6509972906296919 -80.30282182069041
-0.6260886180783612 -80.33994946831635
-0.6089623526177941 -80.21839673376493
-0.5269871804929156 -80.1714052935866
-0.4997214681480543 -80.17378641325176
-0.45487587879161084 -80.152707670445
-0.39725335434466824 -80.1197994015735
-0.3601720154672124 -80.11129500575325
-0.3473616842633137 -80.0585591144125
-0.30539800983317245 -80.02640277994696
-0.3140704716245706 -80.00292011523226
-0.24451407713019288 -79.97097750881196
-0.17223102520278796 -79.93468103607924
-0.06442324626030589 -79.87653590803049
-0.05603808658024965 -79.83361142190657
-0.0013867805326335497 -79.85453652638436
0.04155327532551656 -79.82667547815736
0.12568968465833225 -79.7701577756498
0.10600716657997647 -79.79066419266901
0.16897327192564307 -79.73947228250856
0.22997511276205482 -79.71548033715662
0.289027114248435 -79.6976607115682
0.3086323920050035 -79.66662486604592
0.30545712030423877 -79.63741235400154
0.3752511071346387 -79.64080778721699
0.4181602935410418 -79.6238264334335
0.46261215647017984 -79.60267865362277
0.48612987816818987 -79.57531734696094
0.5764264001418277 -79.56728924723497
0.5858455866826743 -79.51861717966291
0.627199940281066 -79.50349758789464
0.6335776375129973 -79.49375777322354
0.6836400308028228 -79.46414831847565
0.7510249696574298 -79.41638210352122
0.7719477035902723 -79.40961697370547
0.7992164743363431 -79.3682938278509
0.8264608090371877 -79.37339067230687
0.7971156059321604 -79.36791726380596
0.8857757393296709 -79.23322578851015
0.9483276188430843 -79.19134463100515
0.9191238284776511 -79.17558168397672
1.02691944149171 -79.15608065112343
1.1198458219152794 -79.20257576536244
1.149357168440416 -79.18918678651714
1.280741629166747 -79.15084145511734
1.2239617934816935 -79.14705730448857
1.3065362933871976 -79.14060977656622
1.3556648515367686 -79.09207899689228
1.3838139479791831 -79.089404689104
1.4129727597285684 -79.06864303690121
1.4539365405756304 -79.03213475311021
1.4763026352076316 -79.02389221653543
1.5434435246018492 -78.98159479719526
1.5517402517862924 -78.9743005311843
1.6644544493467601 -78.94149623088101
1.7411508539656735 -78.89877399401749
1.7574539155801319 -78.8968924416965
1.813727370986496 -78.87917609653402
1.8465343555483773 -78.87050397544401
1.895760894911266 -78.85053065206607
1.9277192904066605 -78.83277339477486
1.9564525261847172 -78.8072183822641
1.9838259794076754 -78.78497909102873
2.05064809223667 -78.75401006812582
2.117776063312526 -78.73760881935688
2.142385119004353 -78.71760376775414
2.174463631738613 -78.69257952635787
2.229135439020144 -78.68093038457737
2.266127955777845 -78.65008235872408
2.24739377812244 -78.64415408247743
2.3032936978969736 -78.63071564351358
2.3552348867177617 -78.62799750504118
2.4186147881898017 -78.58807994405788
2.506880809977171 -78.5508860312468
2.507081786764534 -78.55032381208927
2.54880331049077 -78.53084977987373
2.5884175103775324 -78.50431332469034
2.6366004531962517 -78.48843590875533
2.649407581568489 -78.46158426822323
2.6668583450517382 -78.44404944921955
2.725289115044089 -78.4286705271243
2.7581300648854663 -78.39181665072338
2.765445533475889 -78.38652006267444
2.7889635062126543 -78.40514167091105
2.8332338932812378 -78.37425312154137
2.843474961993831 -78.35335136492593
2.9383114896797378 -78.32021124252225
3.0128257412326085 -78.27660813726276
3.00263565423418 -78.26609962175333
2.9798938444945544 -78.17465715689306
3.126247702775032 -78.19534603759135
3.1778032661671585 -78.17548317811293
3.1918184079473275 -78.17565380410511
3.227474750532123 -78.16796666316473
3.271227527659313 -78.14766752522335
3.2958910305082054 -78.14069723164556
3.360352541734224 -78.12222721542014
3.392233079554547 -78.1063904190683
3.423212486890158 -78.08938588136799
3.5102683939075425 -78.06000634063213
3.59483136692825 -78.02062321788226
3.5965426306327033 -78.01461397510327
3.618444610249973 -78.0242875911686
3.661028888679346 -77.99788869113361
3.7181180771811646 -77.97662389936532
3.758510284618934 -77.95209015734713
3.8143587112251307 -77.93646315040758
3.941349778040836 -77.87318805290992
3.939964416148373 -77.84385765791478
3.959389948027935 -77.84075803184825
4.009437372999156 -77.83392811624547
4.063376903044414 -77.80529240675315
4.082689430380191 -77.7961986383698
4.063459949339774 -77.79536685803076
4.115164917319358 -77.77347297945241
4.153874081367899 -77.7511861458771
4.216008187272376 -77.70204342396721
4.2469785077595725 -77.70563161723081
4.267442533968797 -77.67730640143964
4.296986524739952 -77.6550584428865
4.3154793800757165 -77.64028582706035
4.36971053463805 -77.62130146824205
4.384797707378484 -77.61510683304417
4.401509026212329 -77.60471106281821
4.4448841877346625 -77.5739013103227
4.522715360039767 -77.54311931508806
4.563979951941849 -77.49038225831276
4.55303804757062 -77.49379977013072
4.558061618347459 -77.47687428044732
4.647222549260119 -77.43118944604113
4.696521915696904 -77.39917437524468
4.795560950202256 -77.37185558769617
4.879872724334481 -77.30893192958301
4.892629814775662 -77.29986802596174
4.934354525093252 -77.27921916708932
4.96039251274092 -77.24866252158051
4.957178979006606 -77.24905646124002
5.042353425373431 -77.2201738665772
5.0793291437747445 -77.19996605200707
5.009212528393261 -77.30666505002596
5.053546921183794 -77.299036262706
5.204857098371949 -77.1407597932039
5.2167798081638255 -77.13280620836501
5.231647975866659 -77.10680833732765
5.301902733683862 -77.0654124986053
5.292337811992446 -77.03710133348055
5.353441282930062 -77.02646699064971
5.362560889063876 -77.00634891260054
5.419233959792827 -76.98891597663919
5.53225942729616 -76.93882145117898
5.528728408150399 -76.9267290042489
5.5942609563698715 -76.90703187698671
5.57605210698546 -76.89106408909612
5.673336200203365 -76.85555607718447
5.656929726740479 -76.84243744142837
5.725426452999942 -76.81073210828514
5.726748170529233 -76.7917827126196
5.798421159691293 -76.71670658609972
5.799679577014825 -76.69948369341176
6.035063124523735 -76.56843485849744
6.057452784289125 -76.51329819065245
6.065995259281231 -76.48150521829831
6.135838854525393 -76.47590304324643
6.143719280486149 -76.45826148363308
6.224168143365856 -76.43280390752864
6.251302083669509 -76.37231833438445
6.316760745775495 -76.35151563890847
6.303661695718262 -76.33183009844653
6.414756248651012 -76.2842082491543
6.361124050028735 -76.28273121527899
6.482042565224877 -76.23490799596843
6.4552147816864505 -76.21564468222212
6.528252628319353 -76.22525292419293
6.552130116780374 -76.11830162950864
6.657048888771223 -76.11134847128358
6.778262460049861 -76.1327836204226
6.79766114745343 -76.07890211723898
6.853072365581476 -76.03534954180728
6.860186037286088 -75.99333665085507
7.029803875969157 -75.93306142489767
7.014131269277023 -75.92461063550702
6.998615355932351 -75.84822362150828
6.973609440816328 -75.89368455952281
7.061808222426623 -75.81209421434758
7.099420051594267 -75.77537118259518
7.175576471028387 -75.71778023241409
7.162264383216094 -75.67048237333158
7.269346123523066 -75.58786222944697
7.18986591345156 -75.63953860985688
7.188508069832901 -75.57848800824422
7.269456887332851 -75.50545975870224
7.246077377757424 -75.4797816338182
7.282076363485481 -75.37685585535668
7.38967797085947 -75.33566975749997
7.41245567999527 -75.35284583301795
7.485311030923665 -75.33235947439812
7.507122114308953 -75.14049827922726
7.505212003951291 -75.01990324584197
7.514793478397171 -75.05783983712202
7.539956281899557 -74.95423456066013
7.614796733439229 -74.86079761197023
7.614287822478493 -74.86865084086486
7.652155297075808 -74.79119512826475
7.704652994289147 -74.71314015068442
7.8035708888402375 -74.62958781680499
7.847310127805097 -74.58108978633047
7.801011013372511 -74.57426618450499
7.830631087822356 -74.55485297000926
8.310088645851499 -74.22534363549862
8.315978548532636 -74.17951625106032
8.369260573787656 -74.15348972837913
8.40917324153712 -74.12354463474591
8.369931936221207 -74.11130339623921
8.34258476637147 -73.99019096344298
8.367523558377119 -73.95386637304055
8.431340806215102 -73.91367821563789
8.461962754059803 -73.86516485470295
8.528709576686897 -73.80975504326149
8.545201879090214 -73.70261020283668
8.629711922512039 -73.59416981575878
8.623122877920421 -73.57235907338234
8.673738029870865 -73.57714835235416
8.685838575265725 -73.45671123315144
8.73165229287178 -73.41820307692805
8.844282345158636 -73.37720374457992
8.764016299129693 -73.3296764411634
8.785892369139875 -73.24182267336504
8.803668081753624 -73.19031988643589
8.84990152480598 -73.13910814737423
8.85169207329495 -73.07907419598422
8.87227498570514 -73.05478094678539
8.905964791242242 -72.98643313886035
8.952669168661258 -72.92135432010674
9.000376545263624 -72.87931310200575
9.060847764887189 -72.77106373645813
9.211251629015845 -72.74994992740206
9.094963763583086 -72.66009441745878
9.101922520260262 -72.66304581241513
9.171636192930354 -72.56998061769835
9.210901033365243 -72.4945880130701
9.265796246908126 -72.457860773515
9.25212122379215 -72.44971640889807
9.264254818075312 -72.43633099179581
9.278083897766601 -72.3324560379227
9.298614668305303 -72.31733184295167
9.29588382230597 -72.22481757783174
9.306868234143138 -72.21353172318375
9.344214933908345 -72.12084915217854
9.39253147084167 -72.0189518611199
9.411672320163118 -71.96696042238283
9.428990170435403 -71.93801515922365
9.402813085357359 -71.85547581450224
9.388954731527427 -71.82247968190444
9.428608330232136 -71.70830354104206
9.631151350818982 -71.66535802996756
9.671428513250587 -71.5490870672266
9.662394726182914 -71.47897964721538
9.520856868172599 -71.47505208559843
9.706555442795537 -71.36021495583658
9.601487631466073 -71.33649189031003
9.579496332642472 -71.3202827854275
9.598357640667325 -71.23045431008933
9.632469936354221 -71.2032467675215
9.648925027908037 -71.10926833581381
9.692951011545675 -71.0231946243805
9.72241530286543 -70.98754096093427
9.7079619551946 -70.91466220625483
9.731649194812103 -70.89709821525055
9.717262769296221 -70.81458416556299
9.776931047994562 -70.7451833666621
9.788050246948144 -70.68765205053649
9.782342724193112 -70.58042327657608
9.809613790392802 -70.46026130184566
9.810295498893359 -70.4013565426113
9.821419500551801 -70.38274876836314
9.790930051916826 -70.30482321523314
9.828453061433674 -70.26432680430065
9.840587427727867 -70.2217307960285
9.854196962073267 -70.16708828186249
9.84232743368886 -70.053201469987
9.818640365864006 -69.99783441410847
9.837044776927307 -69.88308735354435
9.829082265135415 -69.85668892566929
9.859569905018276 -69.82398674968043
9.848646105638135 -69.7417638321141
9.886739480850814 -69.70686940206349
9.783674074285768 -69.65883645264508
9.753303244391374 -69.54573732148877
9.773333252508678 -69.52183182055187
9.881281801778863 -69.43474969877477
9.755220566693168 -69.34318284247735
9.798421646448986 -69.29144443923992
9.832948275826412 -69.23334053914348
9.893172231141822 -69.16639574718366
9.81122752155949 -69.11728954918794
9.879876693706231 -69.10101507648936
9.883896269621097 -68.94492158356339
9.811934557047682 -68.87804006318522
9.715880113045948 -68.87933545457415
9.805888093829646 -68.8159953212254
9.68695553892807 -68.77841376682498
9.696913852150782 -68.71118032244112
9.809871783970054 -68.62982804189832
9.851267893604842 -68.50751958411314
9.82569610311643 -68.51126517513369
9.819260874044996 -68.46955820642903
9.599783204752638 -68.35322931829194
9.6294886545044 -68.33652882097213
9.698086768901758 -68.28980109365591
9.660387323895518 -68.22752462650237
9.552621205880373 -68.12169385850976
9.82854736514263 -68.07380054545166
9.758840189884145 -67.89543618694965
9.773219689892269 -68.00069771854922
9.540367257963497 -67.8559865135089
9.462321209285035 -67.88665889246192
9.694182639316319 -67.86397488357444
9.729964463648223 -67.67684678141731
9.782963799775368 -67.62777480853592
9.606906897925098 -67.4806903092417
9.795011206778279 -67.4603019202376
9.745035879288483 -67.3567787845589
9.334121696836858 -67.31238798329156
9.327432634512373 -67.24715122367631
9.341159127925915 -67.20184094638387
9.355758291793007 -67.1889359571054
9.439088619723417 -67.14682689381597
9.33065794590645 -67.10829045147166
9.430347228503628 -66.98412425061632
9.256145578195799 -66.95337094377511
9.179126558490207 -66.93167797225371
9.246804274602408 -66.6486820043175
9.297761613944564 -66.61799823357396
9.320837493541712 -66.5286313365825
9.222013656523222 -66.4861948243624
9.286770128694116 -66.38116049405049
9.232533983555758 -66.34824249352205
9.22412828524942 -66.26770862207646
9.168608989916391 -66.23516305998047
9.222072712416653 -66.13633662125636
9.168653959416574 -66.10011206088654
9.088161744179372 -65.99716889503735
9.117415122555014 -65.94191793145822
9.010987771977376 -65.79623369110148
9.047872495574579 -65.72744659997706
9.05707525189837 -65.67407419076609
8.987538584272881 -65.61245074443201
9.030548518891372 -65.55930641181672
9.095882805885873 -65.5663623381747
9.15496019557705 -65.45482409091034
9.029173552945899 -65.45776557641844
9.085160534625071 -65.4669376509424
8.887473668384494 -65.1974717378696
8.94341822309204 -65.0766856128035
9.024586550576341 -65.1393091039597
8.909546647071966 -65.00713699730909
9.008366948982957 -64.98832347060419
8.985271128453764 -64.9646144678565
8.74053639524173 -64.77521162893474
8.679565198629083 -64.71131804286799
8.814226175773221 -64.64924631306549
8.746352847624326 -64.53218722943866
8.875915890996936 -64.58806150808857
8.81187837826102 -64.36383578938168
8.74393503014282 -64.18253429048441
8.813126723337572 -64.16048693672539
8.754269569301291 -63.998409288553646
8.756229021382513 -63.90876196115986
8.760571693797555 -63.9120763373123
8.563905804296972 -63.63982307855727
8.614821853698167 -63.417286121136385
8.753729600613951 -63.35892901221685
8.71116623450424 -63.33993352147329
8.730682952435028 -63.31769960218069
8.760884917161919 -63.20790450698524
8.756794405038747 -63.079200534671514
8.749866903614647 -63.067339211037975
8.647846131508938 -62.93894902521018
8.174433440124856 -62.63615715169381
8.13107688041671 -62.5190582629053
8.131078091065739 -62.51905719537832
8.11572654739659 -62.50866708061801
8.098195766676879 -62.391221232444806
7.998215949283318 -62.26515883479964
8.02512202451651 -62.24114115846249
8.405374495278242 -62.256531193642076
7.8929194628411885 -61.98642153476591
7.8635921834213365 -61.83425363775929
7.863596928119279 -61.83425546571623
7.803305012521476 -61.7061367123809
7.803305689390687 -61.7061317564379
7.829086493753648 -61.59260782226374
8.089811266123075 -61.47142035450269
7.646518383364167 -61.26210344207135
7.60698837227306 -61.10689142746229
7.606994695876546 -61.10688974444976
7.606988355255795 -61.10688999908306
7.5041903116948605 -60.940223971403476
7.519727525379859 -60.81526780126644
7.311362054322439 -60.668294847661436
7.332679330674683 -60.53183584148541
7.246116390437717 -60.39243918722867
7.2461152949521255 -60.392440879277515
7.114203380042117 -60.28787989941242
7.128972047193702 -60.10789330538356
7.010035232513174 -59.95698985947906
7.007537644167072 -59.77225563075442
6.815722093222812 -59.64826034717095
6.815718832215699 -59.64825602671408
6.709416596694627 -59.48979926556406
6.625194132250316 -59.318414868665364
6.828570346378468 -59.13478572230549
6.584922889910024 -58.94512240189482
6.62623304350054 -58.81920241699618
6.626241454169 -58.81920683976192
6.374971503695506 -58.67090144160973
6.2260652078329 -58.57064548153311
6.226064848884393 -58.57064094377776
6.137539414061544 -58.37786826021203
6.072339753424722 -58.255878246439636
6.079942434923448 -58.07951946325067
6.079949253501141 -58.07951568578454
5.89742776919287 -57.95479587149822
5.897427629214593 -57.95479602479971
5.873222375767999 -57.77951205836833
5.691059463408588 -57.63227316854405
5.620633039731937 -57.47759201271031
5.620645306746991 -57.47759110776766
5.8823944614527806 -57.265492425815076
5.882391000768608 -57.265498182991564
5.522713311055565 -57.159621888166484
5.522713967421928 -57.15961645890035
5.470045382280138 -57.02943750269984
5.470045208626212 -57.02944193212736
5.466750494518502 -56.861254602067085
5.431342935508002 -56.62814541507545
5.43101263372266 -56.62729157482717
5.2252534371682025 -56.48393820668572
5.160186888701143 -56.35858740041866
5.160189258012564 -56.35857993676782
5.216716793164804 -56.146831424481526
5.216711510917724 -56.14683309482141
4.93999913580435 -56.098942063401566
4.882326556047309 -55.93887900439971
4.882333436137974 -55.9388776728355
4.6802766850187485 -55.78906824949749
4.526866521773829 -55.62464135926472
4.873744885203935 -55.34843693286405
4.80658072153156 -55.15692926094914
4.779509751587313 -55.02328063246219
4.779507624496637 -55.02327781043824
4.779513192099894 -55.023282996708986
4.742630890426811 -54.857693384827016
4.837068339886565 -54.70810251165947
4.701448212185714 -54.47940837135777
4.701450547631366 -54.47941108615091
5.173691992518856 -53.89866457474587
4.30912313235804 -53.988266677549014
4.309126383495894 -53.98827457328755
4.224397911987188 -53.861680584026125
4.224397899188206 -53.86167883336632
4.154861557701081 -53.62666512169838
4.135775965848181 -53.52065945838256
4.135775833927086 -53.52065822885078
3.518017240708099 -54.103489880247615
3.9207526580049596 -53.08474723872971
3.9207535644815374 -53.0847480289475
3.7759279546073303 -52.827260446808985
3.775927282826895 -52.827259719966285
3.7936507633432863 -52.73863674127112
3.865477239508399 -53.15726495951642
3.626016935143504 -52.39839932404713
3.5653596224970556 -52.24014584052683
3.565358361802798 -52.240143076885495
3.4780806841623977 -52.11317789799143
3.3483623189186336 -51.875902502254604
3.362598174061828 -51.803257970922395
3.2635110498887174 -51.626917624670284
3.19108733883524 -51.45713128398774
3.1910908249532364 -51.457134847871565
3.191089302687093 -51.457132683167444
3.0934165881064475 -51.208922633407326
3.104708398807523 -51.123837476429124
3.1047088914896936 -51.12383855864027
3.0544403313842783 -51.067122250528165
2.813182609184491 -50.70183197323128
2.9228505592331024 -50.69125051322355
2.8703033327152014 -50.65872557935176
2.4195394300682347 -50.84251018134328
2.582139001832509 -50.263432914186396
2.4934910017299994 -50.03907252181254
2.4580433033991964 -49.87300581925593
0.8469085435011666 -51.668705329600286
2.3351760304899587 -49.6484137994862
2.266109612367387 -49.533120717734505
1.7138661928897627 -50.49244230189536
2.348585316589476 -49.80720669776356
2.294897455280827 -50.2683548899418
2.2590622970923717 -49.79860027976992
1.7118133770135129 -49.84501862638944
2.588058051135217 -49.83431839607769
2.34914542198631 -49.33597381226697
2.159558573493935 -49.33980436998598
2.1595564666158458 -49.33979960534796
2.0740627196158434 -48.997736191634736
1.1399693925899017 -49.33016565543344
1.5978058889571611 -49.48125272748397
2.063454052287789 -49.24931662750281
1.7167830941171875 -49.23489264716888
0.7957421925106453 -48.25753060221264
-0.06199070859678449 -48.80014600670045
1.2164521652325186 -46.91500041740863
1.041309435939181 -46.65530277820908
0.8516734605148605 -46.54819305188286
0.7365279147866274 -46.26679444843432
0.7399241574278572 -46.18690197904921
0.6883448998981898 -46.044650044618926
-4.41399864057335 -84.11481260269512
-4.436450201854098 -84.10379539362886
-4.499198685973981 -83.92629508592994
-4.459746320345188 -83.84168572964327
-4.348250748966677 -83.77801778650995
-4.397724377915339 -83.79733783158424
-4.362708099423626 -83.74205553382441
-4.388096312995164 -83.69915445264617
-4.314490737473546 -83.67466574650499
-4.305368475742002 -83.62047850678378
-4.23352039872354 -83.52893319768768
-4.242207995056325 -83.54525064547545
-4.171232829600498 -83.54956533087875
-4.134767860546753 -83.50177846204873
-4.091746355888499 -83.47720053935446
-4.136649361567042 -83.42156827866779
-4.073711327075246 -83.42766196545143
-4.05986532122383 -83.45421352708375
-3.9999595360975553 -83.39101197609399
-4.030430519014435 -83.33363226004876
-3.9888190988106444 -83.29315312318568
-3.938783490318437 -83.19509907950969
-3.876730192063211 -83.18979729621303
-3.941576148622318 -83.12765466442738
-3.8431019416016987 -83.09191205985289
-3.9019102398592627 -83.0511957287907
-3.800792596282094 -83.02135286799995
-3.7664929854513876 -82.98412745402656
-3.741311190937209 -82.99146940174522
-3.7198765416759514 -82.91429841070385
-3.6326677839330372 -82.79704549094684
-3.577067260270783 -82.81394224103157
-3.5878216317049336 -82.8195578334488
-3.549535978990236 -82.69586773259391
-3.5530765876848047 -82.64664970755946
-3.4457607687196594 -82.60519789787008
-3.4799779259470016 -82.53612539229749
-3.3673090955085643 -82.58070097095268
-3.261495383759845 -82.44833041202237
-3.2762367365165423 -82.43471020647121
-3.2421073988573843 -82.34865753064402
-3.249175215755562 -82.32123375073319
-3.189875993468225 -82.3117663624101
-3.1053521230343963 -82.5505929508844
-2.9969635554258707 -82.4754641891826
-2.9997453791851116 -82.19575869042833
-2.9716723712724065 -82.11870499107506
-2.9208963228698166 -82.05848635723444
-2.9594377894065826 -82.0248991180491
-2.847400414422278 -81.99372531058299
-2.8457162357443755 -81.99467895972182
-2.746035459466732 -81.9545331590303
-2.6862087371455763 -81.97830230593361
-2.696977549813507 -81.9036854262666
-2.678103511321183 -81.906143297207
-2.69764878811529 -81.82665021970722
-2.631624906910732 -81.71003855323441
-2.589715084120448 -81.6403526305069
-2.3986699107271665 -81.5431763773249
-2.5123094409030866 -81.58079771572123
-2.365898832769296 -81.52912699112966
-2.432775866396601 -81.51585977266843
-2.3920538808672847 -81.47410001367957
-2.236966815969041 -81.394611506302
-2.2755872553229897 -81.40731123692092
-2.201690195124237 -81.33160964447796
-2.1361224243848524 -81.37175907479364
-2.0630836184789367 -81.30186105894447
-2.061863179034138 -81.25167991549145
-2.002301050780689 -81.22501206242741
-2.0002231376248125 -81.20688153760564
-1.9340813614972416 -81.1330989394064
-1.8936514274764127 -81.12049718362924
-1.8888070145682043 -81.10484153180253
-1.8820011012021445 -81.12196433981721
-1.893049322420219 -81.06552934532392
-1.7674167057457826 -81.00600150586298
-1.7557385090023323 -80.98885096843777
-1.7075531527823162 -80.9281907480103
-1.6493969798318555 -80.88228022159176
-1.577063828660481 -80.88362732529801
-1.5717558918200192 -80.83325451649688
-1.4927211795589035 -80.79743201641737
-1.4841784300140033 -80.77519301708358
-1.4746214175139898 -80.79522143582206
-1.469840991140985 -80.73457617303677
-1.4628702106854294 -80.76222916475555
-1.3895937362417106 -80.71798103948053
-1.3186600269123712 -80.63057957347293
-1.272516917479574 -80.6086412855212
-1.2120601627029863 -80.56523363597405
-1.1065018662807755 -80.55221284576405
-1.100505402294901 -80.55368663558589
-1.0884622163827307 -80.54820941467086
-1.0131153238252082 -80.51812738234973
-0.9534437874649813 -80.46276104788244
-0.883976016597421 -80.4382090910737
-0.8426233702785993 -80.4533409024247
-0.7919100692083016 -80.42033723889229
-0.7052109124525388 -80.36152163550848
-0.6722610136160527 -80.33379836233229
-0.6375589320218196 -80.35322645714349
-0.6509972906296921 -80.30282182069038
-0.6260886180783618 -80.33994946831635
-0.6089623526177956 -80.21839673376493
-0.5269871804929172 -80.17140529358652
-0.4997214681480537 -80.17378641325176
-0.45487587879160846 -80.15270767044495
-0.3972533543446705 -80.11979940157347
-0.36017201546721095 -80.11129500575325
-0.3473616842633091 -80.05855911441242
-0.3053980098331675 -80.02640277994696
-0.314070471624566 -80.00292011523226
-0.2445140771301917 -79.97097750881198
-0.17223102520278874 -79.93468103607927
-0.06442324626030009 -79.87653590803048
-0.05603808658025133 -79.83361142190651
-0.0013867805326348052 -79.85453652638436
0.04155327532551716 -79.82667547815741
0.12568968465833127 -79.7701577756498
0.10600716657998036 -79.79066419266901
0.1689732719256432 -79.73947228250863
0.22997511276205532 -79.71548033715663
0.2890271142484344 -79.69766071156818
0.3086323920050004 -79.66662486604595
0.30545712030423905 -79.63741235400157
0.3752511071346417 -79.64080778721697
0.41816029354104256 -79.62382643343354
0.46261215647018133 -79.60267865362273
0.4861298781681911 -79.57531734696097
0.5764264001418278 -79.56728924723494
0.5858455866826728 -79.51861717966291
0.627199940281065 -79.50349758789464
0.6335776375129977 -79.4937577732235
0.6836400308028228 -79.4641483184757
0.7510249696574277 -79.41638210352123
0.7719477035902718 -79.40961697370548
0.7992164743363452 -79.36829382785089
0.8264608090371878 -79.37339067230683
0.7971156059321611 -79.36791726380604
0.8857757393296742 -79.23322578851017
0.9483276188430835 -79.1913446310051
0.9191238284776514 -79.17558168397669
1.0269194414917044 -79.15608065112343
1.1198458219152794 -79.20257576536241
1.1493571684404125 -79.18918678651715
1.2807416291667484 -79.15084145511734
1.2239617934816949 -79.14705730448857
1.3065362933872018 -79.14060977656618
1.355664851536767 -79.09207899689233
1.3838139479791813 -79.08940468910397
1.4129727597285668 -79.06864303690124
1.453936540575626 -79.03213475311021
1.4763026352076296 -79.02389221653546
1.5434435246018476 -78.98159479719526
1.5517402517862928 -78.97430053118435
1.6644544493467592 -78.94149623088101
1.741150853965674 -78.89877399401752
1.7574539155801334 -78.89689244169651
1.8137273709864963 -78.8791760965341
1.8465343555483773 -78.87050397544405
1.8957608949112645 -78.85053065206615
1.9277192904066591 -78.83277339477482
1.9564525261847208 -78.80721838226411
1.9838259794076767 -78.7849790910287
2.050648092236674 -78.7540100681258
2.117776063312524 -78.73760881935685
2.142385119004352 -78.71760376775416
2.1744636317386146 -78.69257952635787
2.2291354390201445 -78.68093038457738
2.2661279557778418 -78.6500823587241
2.24739377812244 -78.6441540824774
2.303293697896976 -78.63071564351357
2.355234886717765 -78.62799750504115
2.418614788189801 -78.58807994405782
2.5068808099771704 -78.55088603124683
2.507081786764532 -78.55032381208927
2.548803310490768 -78.53084977987378
2.588417510377533 -78.50431332469033
2.6366004531962535 -78.48843590875535
2.649407581568487 -78.46158426822328
2.66685834505174 -78.44404944921956
2.7252891150440877 -78.42867052712431
2.7581300648854628 -78.39181665072338
2.765445533475888 -78.38652006267446
2.788963506212654 -78.40514167091098
2.83323389328124 -78.37425312154144
2.843474961993831 -78.3533513649259
2.938311489679736 -78.32021124252228
3.0128257412326107 -78.27660813726281
3.0026356542341825 -78.26609962175331
2.9798938444945593 -78.17465715689308
3.126247702775032 -78.19534603759134
3.1778032661671567 -78.17548317811294
3.191818407947329 -78.17565380410511
3.2274747505321213 -78.1679666631647
3.271227527659313 -78.1476675252234
3.2958910305082014 -78.14069723164556
3.3603525417342213 -78.1222272154201
3.3922330795545483 -78.10639041906829
3.423212486890162 -78.08938588136802
3.510268393907544 -78.06000634063214
3.5948313669282497 -78.0206232178823
3.5965426306327046 -78.01461397510327
3.6184446102499708 -78.02428759116859
3.6610288886793483 -77.99788869113361
3.7181180771811664 -77.97662389936536
3.758510284618932 -77.95209015734714
3.8143587112251325 -77.93646315040758
3.941349778040835 -77.87318805290988
3.939964416148371 -77.84385765791477
3.959389948027933 -77.84075803184827
4.009437372999157 -77.83392811624554
4.063376903044417 -77.8052924067532
4.082689430380191 -77.79619863836983
4.063459949339774 -77.79536685803079
4.115164917319358 -77.77347297945241
4.153874081367901 -77.7511861458771
4.216008187272374 -77.70204342396727
4.246978507759574 -77.7056316172308
4.267442533968796 -77.67730640143962
4.296986524739951 -77.65505844288651
4.315479380075717 -77.64028582706038
4.369710534638046 -77.62130146824207
4.3847977073784845 -77.61510683304414
4.401509026212326 -77.60471106281823
4.444884187734658 -77.57390131032271
4.5227153600397685 -77.54311931508805
4.56397995194185 -77.49038225831282
4.5530380475706185 -77.49379977013079
4.558061618347456 -77.4768742804473
4.6472225492601185 -77.43118944604119
4.6965219156969065 -77.39917437524466
4.795560950202253 -77.37185558769617
4.87987272433448 -77.308931929583
4.892629814775664 -77.29986802596174
4.934354525093251 -77.27921916708935
4.960392512740916 -77.24866252158047
4.957178979006607 -77.24905646124002
5.042353425373432 -77.22017386657714
5.079329143774746 -77.19996605200707
5.009212528393263 -77.30666505002588
5.053546921183797 -77.29903626270598
5.204857098371949 -77.14075979320388
5.216779808163829 -77.132806208365
5.231647975866662 -77.10680833732765
5.301902733683868 -77.06541249860533
5.292337811992445 -77.03710133348052
5.353441282930069 -77.02646699064968
5.362560889063875 -77.00634891260059
5.4192339597928285 -76.9889159766392
5.532259427296156 -76.93882145117892
5.5287284081504025 -76.92672900424887
5.594260956369872 -76.90703187698672
5.576052106985461 -76.89106408909612
5.673336200203364 -76.85555607718445
5.656929726740476 -76.84243744142839
5.725426452999945 -76.81073210828517
5.72674817052923 -76.79178271261965
5.798421159691293 -76.71670658609973
5.799679577014829 -76.69948369341176
6.035063124523734 -76.56843485849743
6.05745278428913 -76.5132981906524
6.065995259281229 -76.4815052182983
6.135838854525397 -76.4759030432464
6.1437192804861445 -76.45826148363311
6.224168143365856 -76.43280390752862
6.25130208366951 -76.37231833438446
6.316760745775501 -76.3515156389085
6.303661695718257 -76.33183009844655
6.4147562486510115 -76.28420824915429
6.361124050028738 -76.28273121527899
6.482042565224883 -76.23490799596847
6.455214781686458 -76.2156446822221
6.528252628319352 -76.22525292419294
6.552130116780375 -76.11830162950864
6.65704888877122 -76.11134847128356
6.778262460049861 -76.13278362042257
6.797661147453428 -76.07890211723897
6.853072365581472 -76.03534954180725
6.860186037286088 -75.99333665085508
7.029803875969154 -75.93306142489764
7.014131269277021 -75.92461063550704
6.998615355932355 -75.8482236215083
6.97360944081633 -75.8936845595228
7.06180822242662 -75.81209421434761
7.099420051594265 -75.7753711825952
7.1755764710283865 -75.7177802324141
7.162264383216097 -75.67048237333161
7.269346123523064 -75.58786222944693
7.189865913451559 -75.63953860985687
7.188508069832901 -75.57848800824428
7.26945688733285 -75.50545975870227
7.246077377757422 -75.4797816338182
7.282076363485484 -75.37685585535668
7.389677970859466 -75.33566975749999
7.412455679995272 -75.35284583301801
7.485311030923667 -75.33235947439813
7.507122114308949 -75.14049827922726
7.505212003951293 -75.01990324584197
7.514793478397172 -75.05783983712207
7.539956281899558 -74.95423456066018
7.614796733439225 -74.8607976119702
7.614287822478493 -74.86865084086486
7.652155297075808 -74.7911951282647
7.704652994289156 -74.71314015068447
7.803570888840228 -74.62958781680496
7.847310127805097 -74.5810897863305
7.801011013372509 -74.57426618450495
7.830631087822356 -74.55485297000924
8.310088645851497 -74.22534363549858
8.315978548532623 -74.17951625106028
8.369260573787669 -74.15348972837904
8.40917324153712 -74.1235446347459
8.369931936221212 -74.11130339623926
8.342584766371466 -73.99019096344296
8.367523558377123 -73.95386637304054
8.431340806215106 -73.91367821563789
8.461962754059806 -73.86516485470301
8.528709576686909 -73.8097550432615
8.54520187909021 -73.70261020283674
8.629711922512032 -73.59416981575875
8.62312287792043 -73.57235907338234
8.673738029870862 -73.57714835235417
8.685838575265723 -73.45671123315147
8.731652292871784 -73.41820307692804
8.844282345158634 -73.37720374457994
8.764016299129691 -73.3296764411634
8.785892369139873 -73.24182267336505
8.80366808175362 -73.19031988643582
8.849901524805984 -73.13910814737424
8.851692073294947 -73.07907419598423
8.872274985705149 -73.05478094678533
8.905964791242255 -72.98643313886035
8.952669168661252 -72.92135432010674
9.000376545263622 -72.8793131020058
9.060847764887189 -72.77106373645815
9.211251629015836 -72.74994992740203
9.094963763583092 -72.66009441745881
9.10192252026026 -72.66304581241515
9.171636192930356 -72.56998061769828
9.210901033365253 -72.49458801307007
9.265796246908122 -72.45786077351502
9.252121223792148 -72.44971640889815
9.264254818075312 -72.43633099179581
9.278083897766601 -72.33245603792268
9.298614668305305 -72.31733184295167
9.295883822305978 -72.22481757783174
9.306868234143144 -72.21353172318376
9.344214933908342 -72.12084915217854
9.392531470841666 -72.01895186111989
9.411672320163111 -71.96696042238284
9.4289901704354 -71.93801515922362
9.402813085357359 -71.85547581450228
9.388954731527422 -71.82247968190447
9.428608330232137 -71.70830354104203
9.631151350818984 -71.66535802996758
9.671428513250584 -71.5490870672266
9.662394726182912 -71.47897964721537
9.520856868172599 -71.4750520855984
9.706555442795542 -71.36021495583664
9.601487631466076 -71.33649189031001
9.579496332642472 -71.32028278542747
9.59835764066732 -71.23045431008939
9.632469936354212 -71.20324676752148
9.648925027908033 -71.10926833581388
9.69295101154567 -71.02319462438052
9.722415302865436 -70.98754096093425
9.707961955194598 -70.91466220625485
9.731649194812096 -70.89709821525061
9.71726276929622 -70.81458416556298
9.776931047994566 -70.74518336666213
9.788050246948144 -70.68765205053644
9.78234272419311 -70.5804232765761
9.80961379039281 -70.4602613018457
9.810295498893353 -70.4013565426113
9.821419500551798 -70.38274876836314
9.790930051916828 -70.30482321523314
9.82845306143368 -70.26432680430065
9.840587427727861 -70.22173079602854
9.85419696207327 -70.16708828186246
9.842327433688867 -70.05320146998702
9.818640365864004 -69.99783441410847
9.837044776927312 -69.88308735354434
9.829082265135417 -69.85668892566932
9.859569905018272 -69.82398674968042
9.848646105638142 -69.74176383211407
9.886739480850816 -69.70686940206348
9.783674074285766 -69.65883645264509
9.75330324439137 -69.5457373214887
9.773333252508674 -69.52183182055184
9.88128180177887 -69.43474969877478
9.755220566693168 -69.34318284247735
9.79842164644898 -69.29144443923991
9.832948275826412 -69.23334053914348
9.893172231141822 -69.16639574718363
9.811227521559488 -69.11728954918793
9.879876693706235 -69.10101507648933
9.883896269621097 -68.94492158356344
9.811934557047678 -68.87804006318518
9.715880113045944 -68.87933545457413
9.80588809382965 -68.81599532122542
9.686955538928068 -68.77841376682498
9.696913852150788 -68.7111803224411
9.809871783970047 -68.6298280418983
9.851267893604836 -68.50751958411314
9.825696103116442 -68.51126517513373
9.819260874044994 -68.46955820642901
9.599783204752635 -68.35322931829192
9.629488654504403 -68.33652882097212
9.698086768901778 -68.28980109365591
9.660387323895526 -68.22752462650239
9.552621205880367 -68.12169385850979
9.828547365142628 -68.07380054545165
9.758840189884138 -67.89543618694965
9.773219689892276 -68.00069771854923
9.540367257963501 -67.85598651350887
9.46232120928504 -67.8866588924619
9.694182639316313 -67.86397488357444
9.72996446364823 -67.67684678141728
9.782963799775366 -67.62777480853586
9.606906897925095 -67.48069030924168
9.79501120677828 -67.46030192023761
9.745035879288483 -67.35677878455888
9.334121696836851 -67.31238798329157
9.32743263451237 -67.24715122367635
9.3411591279259 -67.20184094638385
9.355758291793006 -67.18893595710541
9.43908861972342 -67.14682689381603
9.330657945906447 -67.10829045147167
9.430347228503628 -66.98412425061635
9.256145578195797 -66.9533709437752
9.179126558490209 -66.93167797225367
9.246804274602395 -66.64868200431755
9.297761613944568 -66.61799823357394
9.32083749354171 -66.52863133658248
9.222013656523226 -66.48619482436243
9.286770128694116 -66.38116049405053
9.232533983555758 -66.34824249352206
9.22412828524942 -66.26770862207646
9.16860898991639 -66.23516305998051
9.222072712416638 -66.13633662125639
9.16865395941658 -66.10011206088659
9.088161744179372 -65.9971688950373
9.117415122555007 -65.94191793145819
9.010987771977378 -65.79623369110146
9.047872495574572 -65.72744659997701
9.057075251898373 -65.6740741907661
8.987538584272887 -65.61245074443198
9.030548518891367 -65.55930641181669
9.095882805885873 -65.56636233817468
9.154960195577049 -65.45482409091036
9.029173552945894 -65.45776557641842
9.085160534625079 -65.46693765094244
8.887473668384498 -65.19747173786963
8.94341822309204 -65.07668561280349
9.024586550576345 -65.13930910395969
8.909546647071974 -65.0071369973091
9.008366948982962 -64.98832347060419
8.985271128453759 -64.9646144678565
8.74053639524173 -64.77521162893471
8.679565198629074 -64.711318042868
8.814226175773218 -64.64924631306545
8.746352847624324 -64.53218722943868
8.875915890996932 -64.58806150808856
8.811878378261023 -64.36383578938168
8.743935030142818 -64.18253429048443
8.813126723337568 -64.16048693672539
8.754269569301291 -63.998409288553646
8.75622902138251 -63.908761961159854
8.760571693797555 -63.9120763373123
8.563905804296969 -63.63982307855728
8.614821853698166 -63.41728612113637
8.753729600613953 -63.35892901221685
8.711166234504233 -63.33993352147329
8.730682952435027 -63.31769960218068
8.76088491716192 -63.20790450698525
8.756794405038745 -63.079200534671486
8.749866903614642 -63.06733921103796
8.647846131508935 -62.93894902521016
8.174433440124849 -62.63615715169382
8.131076880416705 -62.51905826290531
8.131078091065731 -62.51905719537835
8.115726547396592 -62.508667080617975
8.098195766676882 -62.39122123244478
7.998215949283321 -62.265158834799614
8.025122024516511 -62.24114115846251
8.405374495278235 -62.2565311936421
7.892919462841183 -61.9864215347659
7.863592183421338 -61.83425363775929
7.86359692811927 -61.83425546571623
7.803305012521469 -61.7061367123809
7.80330568939069 -61.706131756437905
7.829086493753639 -61.59260782226372
8.089811266123075 -61.47142035450271
7.64651838336416 -61.262103442071364
7.606988372273063 -61.10689142746233
7.606994695876543 -61.106889744449795
7.606988355255799 -61.106889999083094
7.50419031169485 -60.94022397140347
7.519727525379867 -60.815267801266444
7.3113620543224425 -60.66829484766142
7.332679330674678 -60.5318358414854
7.2461163904377175 -60.392439187228675
7.246115294952129 -60.392440879277515
7.114203380042121 -60.287879899412395
7.128972047193695 -60.10789330538354
7.010035232513173 -59.95698985947905
7.007537644167073 -59.77225563075443
6.8157220932228055 -59.64826034717092
6.815718832215692 -59.64825602671409
6.7094165966946315 -59.489799265564045
6.625194132250317 -59.31841486866534
6.828570346378471 -59.1347857223055
6.584922889910018 -58.945122401894814
6.626233043500547 -58.8192024169962
6.6262414541690005 -58.819206839761904
6.37497150369551 -58.670901441609715
6.22606520783291 -58.57064548153313
6.226064848884398 -58.57064094377776
6.137539414061544 -58.37786826021202
6.072339753424714 -58.25587824643961
6.0799424349234465 -58.07951946325068
6.079949253501145 -58.07951568578453
5.897427769192874 -57.954795871498206
5.897427629214585 -57.954796024799734
5.873222375767999 -57.77951205836837
5.691059463408595 -57.63227316854405
5.620633039731936 -57.4775920127103
5.620645306746986 -57.47759110776767
5.882394461452781 -57.265492425815076
5.882391000768618 -57.26549818299157
5.522713311055564 -57.15962188816649
5.522713967421934 -57.15961645890035
5.4700453822801345 -57.02943750269985
5.47004520862622 -57.02944193212734
5.466750494518509 -56.86125460206707
5.431342935507998 -56.62814541507543
5.4310126337226645 -56.627291574827154
5.225253437168198 -56.48393820668574
5.1601868887011415 -56.35858740041863
5.160189258012569 -56.358579936767825
5.216716793164813 -56.146831424481526
5.216711510917728 -56.14683309482142
4.939999135804354 -56.09894206340156
4.882326556047313 -55.93887900439972
4.88233343613797 -55.9388776728355
4.680276685018753 -55.78906824949742
4.526866521773817 -55.62464135926472
4.873744885203941 -55.34843693286407
4.806580721531557 -55.15692926094914
4.779509751587309 -55.02328063246216
4.779507624496639 -55.02327781043822
4.779513192099893 -55.02328299670897
4.742630890426808 -54.85769338482702
4.837068339886565 -54.7081025116595
4.701448212185715 -54.479408371357756
4.701450547631369 -54.47941108615091
5.173691992518857 -53.89866457474587
4.309123132358041 -53.98826667754905
4.309126383495903 -53.988274573287555
4.2243979119871895 -53.86168058402617
4.224397899188207 -53.86167883336632
4.154861557701078 -53.626665121698416
4.1357759658481825 -53.52065945838256
4.1357758339270845 -53.52065822885076
3.518017240708104 -54.10348988024762
3.9207526580049605 -53.08474723872972
3.920753564481535 -53.084748028947516
3.775927954607336 -52.827260446808985
3.7759272828268924 -52.82725971996628
3.7936507633432828 -52.73863674127114
3.865477239508402 -53.15726495951642
3.6260169351435163 -52.39839932404713
3.565359622497051 -52.24014584052684
3.5653583618027977 -52.240143076885495
3.4780806841623906 -52.113177897991456
3.348362318918625 -51.87590250225462
3.3625981740618234 -51.803257970922395
3.2635110498887174 -51.626917624670284
3.191087338835241 -51.457131283987735
3.1910908249532364 -51.45713484787155
3.1910893026870912 -51.45713268316745
3.093416588106448 -51.208922633407305
3.104708398807524 -51.12383747642914
3.1047088914896914 -51.12383855864025
3.0544403313842823 -51.06712225052814
2.813182609184499 -50.70183197323125
2.922850559233103 -50.69125051322354
2.8703033327152037 -50.65872557935176
2.419539430068231 -50.842510181343286
2.582139001832511 -50.26343291418638
2.493491001729999 -50.03907252181252
2.458043303399185 -49.87300581925595
0.8469085435011667 -51.66870532960029
2.3351760304899605 -49.648413799486214
2.2661096123673845 -49.533120717734526
1.7138661928897672 -50.49244230189537
2.3485853165894706 -49.80720669776356
2.294897455280825 -50.26835488994179
2.2590622970923713 -49.798600279769914
1.7118133770135147 -49.84501862638944
2.588058051135222 -49.8343183960777
2.3491454219863095 -49.33597381226695
2.159558573493935 -49.339804369985984
2.1595564666158484 -49.339799605347956
2.074062719615842 -48.99773619163475
1.1399693925899117 -49.33016565543347
1.597805888957172 -49.481252727483984
2.0634540522877862 -49.24931662750281
1.7167830941171867 -49.23489264716887
0.7957421925106475 -48.25753060221266
-0.06199070859676577 -48.800146006700444
1.2164521652325218 -46.91500041740864
1.041309435939186 -46.65530277820909
0.8516734605148577 -46.5481930518829
0.7365279147866228 -46.2667944484343
0.7399241574278507 -46.186901979049175
0.6883448998981863 -46.04465004461893