-4.487270 -83.889600
-4.487270 -83.889600
-4.446990 -83.812200
-4.407690 -83.745000
-4.366800 -83.678300
-4.323510 -83.612200
-4.323510 -83.612200
-4.323510 -83.612200
-4.274400 -83.540000
-4.274400 -83.540000
-4.225400 -83.468500
-4.175630 -83.396900
-4.175630 -83.396900
-4.120350 -83.321500
-4.120350 -83.321500
-4.063910 -83.250800
-4.063910 -83.250800
-4.010470 -83.184400
-4.010470 -83.184400
-4.010470 -83.184400
-3.955360 -83.120100
-3.896820 -83.056400
-3.837620 -82.991700
-3.663680 -82.794400
-3.783240 -82.926600
-3.070805 -82.210671
-2.559580 -81.759700
-2.421770 -81.654800
-3.663680 -82.794400
-3.663680 -82.794400
-3.602360 -82.730100
-3.544510 -82.667700
-3.544510 -82.667700
-3.475713 -82.605930
-3.475713 -82.605930
-3.425734 -82.532984
-3.425734 -82.532984
-3.364980 -82.485500
-3.308230 -82.430100
-3.308230 -82.430100
-3.249400 -82.374000
-3.249400 -82.374000
-3.189970 -82.320700
-3.189970 -82.320700
-3.130830 -82.264800
-3.070805 -82.210671
-3.018770 -82.152900
-2.954920 -82.094900
-2.954920 -82.094900
-2.887200 -82.036500
-2.887200 -82.036500
-2.822950 -81.978500
-2.822950 -81.978500
-2.758730 -81.921800
-2.693860 -81.866100
-2.693860 -81.866100
-2.626880 -81.811900
-2.626880 -81.811900
-2.559580 -81.759700
-2.559580 -81.759700
-2.490830 -81.705100
-2.490830 -81.705100
-2.421770 -81.654800
-2.355970 -81.605400
-2.355970 -81.605400
-2.355970 -81.605400
-2.282960 -81.558700
-2.215880 -81.512000
-2.215880 -81.512000
-2.145930 -81.461300
-3.837620 -82.991700
-1.689020 -81.131600
-2.010940 -81.367400
-1.069140 -80.665900
-1.942390 -81.319000
-0.310139 -80.259500
-1.876820 -81.273200
-1.811350 -81.227000
-1.811350 -81.227000
-1.748960 -81.180300
-1.689020 -81.131600
-1.689020 -81.131600
-1.625060 -81.083800
-1.625060 -81.083800
-1.565360 -81.036100
-1.565360 -81.036100
-1.506600 -80.986900
-1.506600 -80.986900
-1.449290 -80.940700
-1.392660 -80.894800
-1.392660 -80.894800
-1.331130 -80.846800
-1.331130 -80.846800
-1.268220 -80.800300
-1.205220 -80.752200
-1.205220 -80.752200
-1.138890 -80.707100
-1.069140 -80.665900
-1.069140 -80.665900
-0.998520 -80.624500
-0.998520 -80.624500
-0.926375 -80.588300
-0.926375 -80.588300
-0.852379 -80.552800
-0.852379 -80.552800
-0.775366 -80.517700
-0.699436 -80.484100
-0.699436 -80.484100
-0.624062 -80.445700
-0.624062 -80.445700
-0.545066 -80.401800
-0.545066 -80.401800
-0.545066 -80.401800
-0.467266 -80.358000
-0.387870 -80.306100
-0.310139 -80.259500
-0.310139 -80.259500
-0.232859 -80.209800
0.270220 -79.848000
0.416765 -79.754500
0.981223 -79.424700
1.237560 -79.283400
-0.010613 -80.045400
0.062017 -79.991300
0.062017 -79.991300
0.062017 -79.991300
0.129348 -79.939300
0.129348 -79.939300
0.198366 -79.893300
0.198366 -79.893300
0.270220 -79.848000
0.342425 -79.801000
0.342425 -79.801000
0.342425 -79.801000
0.416765 -79.754500
0.495559 -79.711600
0.495559 -79.711600
0.575713 -79.671200
0.575713 -79.671200
0.655485 -79.622600
0.655485 -79.622600
0.736418 -79.570800
0.815951 -79.523100
0.815951 -79.523100
0.900241 -79.467410
0.900241 -79.467410
0.981223 -79.424700
0.981223 -79.424700
1.068790 -79.371300
1.154340 -79.324400
1.237560 -79.283400
1.237560 -79.283400
1.321410 -79.234900
1.321410 -79.234900
1.402680 -79.187100
1.402680 -79.187100
1.479810 -79.142000
1.553600 -79.097800
1.631140 -79.057000
1.631140 -79.057000
1.631140 -79.057000
1.706420 -79.011900
1.706420 -79.011900
1.778220 -78.969300
1.778220 -78.969300
1.859374 -78.916763
-6.400192 -74.912024
2.001020 -78.845200
2.853730 -78.387200
2.077610 -78.808900
3.638850 -78.038300
2.151380 -78.769400
2.151380 -78.769400
2.151380 -78.769400
2.224520 -78.731800
2.298840 -78.691500
2.373880 -78.650600
2.373880 -78.650600
2.452100 -78.611800
2.452100 -78.611800
2.530120 -78.570500
2.530120 -78.570500
2.530120 -78.570500
2.611030 -78.525000
2.690550 -78.478300
2.690550 -78.478300
2.001020 -78.845200
2.772490 -78.433200
2.853730 -78.387200
2.853730 -78.387200
2.933490 -78.349800
2.933490 -78.349800
3.010260 -78.312200
3.204573 -77.993791
3.163200 -78.233200
3.163200 -78.233200
3.224908 -78.199681
3.224908 -78.199681
3.310400 -78.166800
3.310400 -78.166800
3.310400 -78.166800
3.390020 -78.133400
3.472720 -78.102900
2.077610 -78.808900
3.554040 -78.071400
3.638850 -78.038300
3.638850 -78.038300
3.721640 -78.004700
3.721640 -78.004700
3.807460 -77.970100
3.901740 -77.932500
3.901740 -77.932500
3.990330 -77.897700
3.990330 -77.897700
4.049029 -77.837444
4.049029 -77.837444
4.946600 -77.459600
4.487012 -77.684776
5.181673 -77.301716
5.857740 -76.858700
4.418500 -77.716000
4.418500 -77.716000
4.163480 -77.826200
4.487012 -77.684776
4.487012 -77.684776
4.595012 -77.652024
4.595012 -77.652024
4.654190 -77.607200
4.730740 -77.571200
4.730740 -77.571200
4.806350 -77.535600
4.922292 -77.408767
4.946600 -77.459600
4.946600 -77.459600
5.006710 -77.424500
5.070370 -77.385300
5.070370 -77.385300
5.136170 -77.345700
5.136170 -77.345700
5.181673 -77.301716
5.196480 -77.305900
5.260910 -77.265400
5.260910 -77.265400
5.328330 -77.223300
5.396180 -77.180200
5.396180 -77.180200
5.458740 -77.139100
5.526627 -77.075981
5.526627 -77.075981
5.602929 -77.033027
5.602929 -77.033027
5.669091 -77.003549
5.733820 -76.951500
5.733820 -76.951500
5.801220 -76.905500
4.338220 -77.750700
5.857740 -76.858700
5.920030 -76.813700
5.920030 -76.813700
5.982280 -76.769400
6.039610 -76.724400
6.330920 -76.498900
6.891890 -75.950300
7.076690 -75.768800
7.445030 -75.355400
7.643761 -75.109909
6.277160 -76.544700
6.330920 -76.498900
6.330920 -76.498900
6.389890 -76.447000
6.389890 -76.447000
6.446350 -76.395100
6.446350 -76.395100
6.503920 -76.343200
6.546820 -76.287600
6.597660 -76.233000
6.655410 -76.176400
6.655410 -76.176400
6.714160 -76.121000
6.714160 -76.121000
6.772970 -76.063800
6.772970 -76.063800
6.835860 -76.008300
6.891890 -75.950300
6.891890 -75.950300
6.952130 -75.889400
7.013811 -75.825303
7.013811 -75.825303
7.076690 -75.768800
7.076690 -75.768800
7.139110 -75.702300
7.207180 -75.633500
7.207180 -75.633500
7.267870 -75.565800
7.326100 -75.496700
7.326100 -75.496700
7.384090 -75.427000
7.384090 -75.427000
7.445030 -75.355400
7.521499 -75.312318
7.521499 -75.312318
7.578490 -75.195900
7.643761 -75.109909
7.643761 -75.109909
7.700420 -75.039800
5.587346 -74.204286
8.895830 -73.462900
9.529520 -72.425200
7.946739 -74.724343
7.946739 -74.724343
8.028690 -74.647100
8.096420 -74.562400
8.164580 -74.474100
8.164580 -74.474100
8.234730 -74.384600
8.302620 -74.293500
7.748619 -74.965432
8.356522 -74.207543
8.466740 -74.090900
8.537180 -73.991300
8.615010 -73.888300
8.686920 -73.784300
8.686920 -73.784300
8.762030 -73.673300
8.762030 -73.673300
8.823670 -73.570800
8.823670 -73.570800
8.895830 -73.462900
8.962210 -73.356000
8.962210 -73.356000
7.838420 -74.876183
9.029910 -73.250700
9.096670 -73.142100
9.096670 -73.142100
9.160750 -73.033400
9.235490 -72.926600
9.299790 -72.825300
9.299790 -72.825300
5.487748 -64.953640
5.487748 -64.953640
9.413150 -72.626000
9.471370 -72.525900
9.529520 -72.425200
9.529520 -72.425200
9.529520 -72.425200
9.578970 -72.333900
10.017900 -69.952600
9.621840 -72.244800
9.868650 -71.214200
9.993040 -70.172400
9.692750 -72.066500
9.725560 -71.974900
9.725560 -71.974900
9.752891 -71.893762
9.752891 -71.893762
9.784060 -71.794200
9.784060 -71.794200
9.810800 -71.698500
9.830150 -71.602800
9.850920 -71.506300
9.850920 -71.506300
9.861090 -71.410200
9.861090 -71.410200
9.863460 -71.312700
9.863460 -71.312700
9.868650 -71.214200
9.873040 -71.112100
9.873040 -71.112100
9.878850 -71.005200
9.878850 -71.005200
9.891000 -70.900200
9.905520 -70.796000
9.905520 -70.796000
9.920620 -70.693000
9.934920 -70.592700
9.947680 -70.490200
9.947680 -70.490200
9.964209 -70.399868
9.964209 -70.399868
9.978570 -70.282500
9.978570 -70.282500
9.993040 -70.172400
10.006300 -70.060600
10.017900 -69.952600
10.017900 -69.952600
10.017900 -69.952600
10.027700 -69.841800
10.035400 -69.724800
10.035400 -69.724800
10.043100 -69.609700
9.783360 -66.697200
10.069900 -68.920000
10.054800 -69.367600
9.987140 -67.791500
10.061600 -69.251800
9.756090 -66.578000
10.065600 -69.140700
10.065600 -69.140700
10.069700 -69.030000
10.069900 -68.920000
10.069900 -68.920000
10.071200 -68.806300
10.071200 -68.806300
10.070300 -68.695300
10.070300 -68.695300
10.067700 -68.584400
10.067700 -68.584400
10.061100 -68.472500
10.054300 -68.358100
10.054300 -68.358100
10.054300 -68.358100
10.047200 -68.247500
10.034800 -68.138100
10.034800 -68.138100
10.022400 -68.020100
10.022400 -68.020100
10.005100 -67.906600
9.987140 -67.791500
9.987140 -67.791500
9.971600 -67.671800
9.971600 -67.671800
9.956680 -67.555300
9.935360 -67.436300
9.912460 -67.313800
9.890820 -67.187700
9.890820 -67.187700
9.863330 -67.058400
9.863330 -67.058400
9.863330 -67.058400
9.837880 -66.934400
9.837880 -66.934400
9.810580 -66.817400
9.810580 -66.817400
9.783360 -66.697200
9.756090 -66.578000
9.756090 -66.578000
9.730550 -66.458700
9.730550 -66.458700
9.702440 -66.338300
9.702440 -66.338300
9.538470 -65.748500
9.417830 -65.391100
8.946520 -64.146400
9.605260 -65.980100
9.573000 -65.865200
9.573000 -65.865200
9.538470 -65.748500
9.538470 -65.748500
9.502470 -65.635700
9.502470 -65.635700
9.663643 -66.223922
9.417830 -65.391100
9.417830 -65.391100
9.374180 -65.266900
9.374180 -65.266900
9.331580 -65.144200
9.331580 -65.144200
9.288540 -65.020000
9.239200 -64.893700
9.193240 -64.767500
9.193240 -64.767500
9.144160 -64.635900
9.144160 -64.635900
9.097430 -64.517300
9.047990 -64.388600
9.047990 -64.388600
9.638500 -66.100600
8.946520 -64.146400
8.906468 -64.031790
8.847110 -63.907600
8.847110 -63.907600
8.847110 -63.907600
8.795360 -63.791200
8.734390 -63.658400
8.677490 -63.527500
8.677490 -63.527500
8.622890 -63.396500
8.622890 -63.396500
8.554554 -63.245333
8.507810 -63.112200
8.507810 -63.112200
9.605260 -65.980100
8.396760 -62.818400
8.396760 -62.818400
8.344030 -62.677500
7.393330 -60.276800
8.300634 -62.542310
7.186570 -59.782100
8.249176 -62.398143
8.183310 -62.261100
8.136841 -62.117823
8.136841 -62.117823
8.084703 -61.979807
8.010857 -61.841115
8.010857 -61.841115
7.956723 -61.680913
7.895350 -61.540400
8.344030 -62.677500
7.836250 -61.389900
7.777670 -61.242600
7.777670 -61.242600
7.717950 -61.089500
7.654860 -60.928000
7.590070 -60.763800
7.526680 -60.603500
7.526680 -60.603500
7.460880 -60.441000
7.393330 -60.276800
7.328060 -60.114900
7.253670 -59.942600
7.186570 -59.782100
7.107700 -59.600300
7.040390 -59.446900
7.040390 -59.446900
6.964190 -59.277900
6.890070 -59.109800
6.814750 -58.940000
6.734900 -58.764700
6.734900 -58.764700
6.653870 -58.587700
6.653870 -58.587700
6.338920 -57.922400
5.561340 -56.296600
5.028746 -55.227329
16.716135 -79.724705
6.338920 -57.922400
6.259730 -57.754300
6.259730 -57.754300
6.178840 -57.582300
6.099760 -57.420700
6.099760 -57.420700
6.021700 -57.258200
6.021700 -57.258200
5.944790 -57.093200
5.944790 -57.093200
5.867780 -56.936200
5.867780 -56.936200
5.791420 -56.771900
5.714900 -56.616700
6.494900 -58.253200
5.634110 -56.450900
5.561340 -56.296600
5.561340 -56.296600
5.489070 -56.145800
5.489070 -56.145800
16.152715 -78.451908
16.232232 -78.611299
5.263970 -55.675700
5.198156 -55.518175
5.123000 -55.369000
5.123000 -55.369000
10.874410 -81.571397
4.969853 -55.069544
4.969853 -55.069544
6.417040 -58.087700
16.716135 -79.724705
4.694438 -54.588420
4.694438 -54.588420
4.694438 -54.588420
4.669228 -54.427054
4.598170 -54.263700
4.598170 -54.263700
4.518430 -54.101800
4.189260 -53.434400
4.023490 -53.099500
3.473140 -51.944400
3.233670 -51.442100
2.482580 -49.848300
4.189260 -53.434400
4.189260 -53.434400
4.106400 -53.267300
4.023490 -53.099500
4.023490 -53.099500
3.945940 -52.938700
3.867960 -52.776100
3.781650 -52.595600
3.698920 -52.426600
3.620920 -52.258400
3.620920 -52.258400
3.543700 -52.090700
3.473140 -51.944400
3.397180 -51.785800
3.397180 -51.785800
3.313810 -51.612400
3.313810 -51.612400
3.233670 -51.442100
3.151920 -51.273400
3.151920 -51.273400
3.078810 -51.115100
3.005770 -50.953700
2.937440 -50.802600
2.867420 -50.649800
2.867420 -50.649800
2.792830 -50.492100
2.718150 -50.333500
2.645090 -50.183300
2.564220 -50.017600
2.564220 -50.017600
2.482580 -49.848300
2.482580 -49.848300
2.395070 -49.679400
2.395070 -49.679400
2.297908 -49.516864
1.785140 -48.408600
1.516570 -47.829000
0.900363 -46.474700
1.966480 -48.796200
1.966480 -48.796200
1.871070 -48.591500
1.785140 -48.408600
1.700940 -48.225700
1.516570 -47.829000
1.516570 -47.829000
1.330230 -47.431900
1.258350 -47.261400
1.164080 -47.053700
0.978087 -46.651000
0.900363 -46.474700
0.809307 -46.276600
-4.487270 -83.889600
-4.487270 -83.889600
-4.446990 -83.812200
-4.407690 -83.745000
-4.366800 -83.678300
-4.323510 -83.612200
-4.323510 -83.612200
-4.323510 -83.612200
-4.274400 -83.540000
-4.274400 -83.540000
-4.225400 -83.468500
-4.175630 -83.396900
-4.175630 -83.396900
-4.120350 -83.321500
-4.120350 -83.321500
-4.063910 -83.250800
-4.063910 -83.250800
-4.010470 -83.184400
-4.010470 -83.184400
-4.010470 -83.184400
-3.955360 -83.120100
-3.896820 -83.056400
-3.837620 -82.991700
-3.663680 -82.794400
-3.783240 -82.926600
-3.070805 -82.210671
-2.559580 -81.759700
-2.421770 -81.654800
-3.663680 -82.794400
-3.663680 -82.794400
-3.602360 -82.730100
-3.544510 -82.667700
-3.544510 -82.667700
-3.475713 -82.605930
-3.475713 -82.605930
-3.425734 -82.532984
-3.425734 -82.532984
-3.364980 -82.485500
-3.308230 -82.430100
-3.308230 -82.430100
-3.249400 -82.374000
-3.249400 -82.374000
-3.189970 -82.320700
-3.189970 -82.320700
-3.130830 -82.264800
-3.070805 -82.210671
-3.018770 -82.152900
-2.954920 -82.094900
-2.954920 -82.094900
-2.887200 -82.036500
-2.887200 -82.036500
-2.822950 -81.978500
-2.822950 -81.978500
-2.758730 -81.921800
-2.693860 -81.866100
-2.693860 -81.866100
-2.626880 -81.811900
-2.626880 -81.811900
-2.559580 -81.759700
-2.559580 -81.759700
-2.490830 -81.705100
-2.490830 -81.705100
-2.421770 -81.654800
-2.355970 -81.605400
-2.355970 -81.605400
-2.355970 -81.605400
-2.282960 -81.558700
-2.215880 -81.512000
-2.215880 -81.512000
-2.145930 -81.461300
-3.837620 -82.991700
-1.689020 -81.131600
-2.010940 -81.367400
-1.069140 -80.665900
-1.942390 -81.319000
-0.310139 -80.259500
-1.876820 -81.273200
-1.811350 -81.227000
-1.811350 -81.227000
-1.748960 -81.180300
-1.689020 -81.131600
-1.689020 -81.131600
-1.625060 -81.083800
-1.625060 -81.083800
-1.565360 -81.036100
-1.565360 -81.036100
-1.506600 -80.986900
-1.506600 -80.986900
-1.449290 -80.940700
-1.392660 -80.894800
-1.392660 -80.894800
-1.331130 -80.846800
-1.331130 -80.846800
-1.268220 -80.800300
-1.205220 -80.752200
-1.205220 -80.752200
-1.138890 -80.707100
-1.069140 -80.665900
-1.069140 -80.665900
-0.998520 -80.624500
-0.998520 -80.624500
-0.926375 -80.588300
-0.926375 -80.588300
-0.852379 -80.552800
-0.852379 -80.552800
-0.775366 -80.517700
-0.699436 -80.484100
-0.699436 -80.484100
-0.624062 -80.445700
-0.624062 -80.445700
-0.545066 -80.401800
-0.545066 -80.401800
-0.545066 -80.401800
-0.467266 -80.358000
-0.387870 -80.306100
-0.310139 -80.259500
-0.310139 -80.259500
-0.232859 -80.209800
0.270220 -79.848000
0.416765 -79.754500
0.981223 -79.424700
1.237560 -79.283400
-0.010613 -80.045400
0.062017 -79.991300
0.062017 -79.991300
0.062017 -79.991300
0.129348 -79.939300
0.129348 -79.939300
0.198366 -79.893300
0.198366 -79.893300
0.270220 -79.848000
0.342425 -79.801000
0.342425 -79.801000
0.342425 -79.801000
0.416765 -79.754500
0.495559 -79.711600
0.495559 -79.711600
0.575713 -79.671200
0.575713 -79.671200
0.655485 -79.622600
0.655485 -79.622600
0.736418 -79.570800
0.815951 -79.523100
0.815951 -79.523100
0.900241 -79.467410
0.900241 -79.467410
0.981223 -79.424700
0.981223 -79.424700
1.068790 -79.371300
1.154340 -79.324400
1.237560 -79.283400
1.237560 -79.283400
1.321410 -79.234900
1.321410 -79.234900
1.402680 -79.187100
1.402680 -79.187100
1.479810 -79.142000
1.553600 -79.097800
1.631140 -79.057000
1.631140 -79.057000
1.631140 -79.057000
1.706420 -79.011900
1.706420 -79.011900
1.778220 -78.969300
1.778220 -78.969300
1.859374 -78.916763
-6.400192 -74.912024
2.001020 -78.845200
2.853730 -78.387200
2.077610 -78.808900
3.638850 -78.038300
2.151380 -78.769400
2.151380 -78.769400
2.151380 -78.769400
2.224520 -78.731800
2.298840 -78.691500
2.373880 -78.650600
2.373880 -78.650600
2.452100 -78.611800
2.452100 -78.611800
2.530120 -78.570500
2.530120 -78.570500
2.530120 -78.570500
2.611030 -78.525000
2.690550 -78.478300
2.690550 -78.478300
2.001020 -78.845200
2.772490 -78.433200
2.853730 -78.387200
2.853730 -78.387200
2.933490 -78.349800
2.933490 -78.349800
3.010260 -78.312200
3.204573 -77.993791
3.163200 -78.233200
3.163200 -78.233200
3.224908 -78.199681
3.224908 -78.199681
3.310400 -78.166800
3.310400 -78.166800
3.310400 -78.166800
3.390020 -78.133400
3.472720 -78.102900
2.077610 -78.808900
3.554040 -78.071400
3.638850 -78.038300
3.638850 -78.038300
3.721640 -78.004700
3.721640 -78.004700
3.807460 -77.970100
3.901740 -77.932500
3.901740 -77.932500
3.990330 -77.897700
3.990330 -77.897700
4.049029 -77.837444
4.049029 -77.837444
4.946600 -77.459600
4.487012 -77.684776
5.181673 -77.301716
5.857740 -76.858700
4.418500 -77.716000
4.418500 -77.716000
4.163480 -77.826200
4.487012 -77.684776
4.487012 -77.684776
4.595012 -77.652024
4.595012 -77.652024
4.654190 -77.607200
4.730740 -77.571200
4.730740 -77.571200
4.806350 -77.535600
4.922292 -77.408767
4.946600 -77.459600
4.946600 -77.459600
5.006710 -77.424500
5.070370 -77.385300
5.070370 -77.385300
5.136170 -77.345700
5.136170 -77.345700
5.181673 -77.301716
5.196480 -77.305900
5.260910 -77.265400
5.260910 -77.265400
5.328330 -77.223300
5.396180 -77.180200
5.396180 -77.180200
5.458740 -77.139100
5.526627 -77.075981
5.526627 -77.075981
5.602929 -77.033027
5.602929 -77.033027
5.669091 -77.003549
5.733820 -76.951500
5.733820 -76.951500
5.801220 -76.905500
4.338220 -77.750700
5.857740 -76.858700
5.920030 -76.813700
5.920030 -76.813700
5.982280 -76.769400
6.039610 -76.724400
6.330920 -76.498900
6.891890 -75.950300
7.076690 -75.768800
7.445030 -75.355400
7.643761 -75.109909
6.277160 -76.544700
6.330920 -76.498900
6.330920 -76.498900
6.389890 -76.447000
6.389890 -76.447000
6.446350 -76.395100
6.446350 -76.395100
6.503920 -76.343200
6.546820 -76.287600
6.597660 -76.233000
6.655410 -76.176400
6.655410 -76.176400
6.714160 -76.121000
6.714160 -76.121000
6.772970 -76.063800
6.772970 -76.063800
6.835860 -76.008300
6.891890 -75.950300
6.891890 -75.950300
6.952130 -75.889400
7.013811 -75.825303
7.013811 -75.825303
7.076690 -75.768800
7.076690 -75.768800
7.139110 -75.702300
7.207180 -75.633500
7.207180 -75.633500
7.267870 -75.565800
7.326100 -75.496700
7.326100 -75.496700
7.384090 -75.427000
7.384090 -75.427000
7.445030 -75.355400
7.521499 -75.312318
7.521499 -75.312318
7.578490 -75.195900
7.643761 -75.109909
7.643761 -75.109909
7.700420 -75.039800
5.587346 -74.204286
8.895830 -73.462900
9.529520 -72.425200
7.946739 -74.724343
7.946739 -74.724343
8.028690 -74.647100
8.096420 -74.562400
8.164580 -74.474100
8.164580 -74.474100
8.234730 -74.384600
8.302620 -74.293500
7.748619 -74.965432
8.356522 -74.207543
8.466740 -74.090900
8.537180 -73.991300
8.615010 -73.888300
8.686920 -73.784300
8.686920 -73.784300
8.762030 -73.673300
8.762030 -73.673300
8.823670 -73.570800
8.823670 -73.570800
8.895830 -73.462900
8.962210 -73.356000
8.962210 -73.356000
7.838420 -74.876183
9.029910 -73.250700
9.096670 -73.142100
9.096670 -73.142100
9.160750 -73.033400
9.235490 -72.926600
9.299790 -72.825300
9.299790 -72.825300
5.487748 -64.953640
5.487748 -64.953640
9.413150 -72.626000
9.471370 -72.525900
9.529520 -72.425200
9.529520 -72.425200
9.529520 -72.425200
9.578970 -72.333900
10.017900 -69.952600
9.621840 -72.244800
9.868650 -71.214200
9.993040 -70.172400
9.692750 -72.066500
9.725560 -71.974900
9.725560 -71.974900
9.752891 -71.893762
9.752891 -71.893762
9.784060 -71.794200
9.784060 -71.794200
9.810800 -71.698500
9.830150 -71.602800
9.850920 -71.506300
9.850920 -71.506300
9.861090 -71.410200
9.861090 -71.410200
9.863460 -71.312700
9.863460 -71.312700
9.868650 -71.214200
9.873040 -71.112100
9.873040 -71.112100
9.878850 -71.005200
9.878850 -71.005200
9.891000 -70.900200
9.905520 -70.796000
9.905520 -70.796000
9.920620 -70.693000
9.934920 -70.592700
9.947680 -70.490200
9.947680 -70.490200
9.964209 -70.399868
9.964209 -70.399868
9.978570 -70.282500
9.978570 -70.282500
9.993040 -70.172400
10.006300 -70.060600
10.017900 -69.952600
10.017900 -69.952600
10.017900 -69.952600
10.027700 -69.841800
10.035400 -69.724800
10.035400 -69.724800
10.043100 -69.609700
9.783360 -66.697200
10.069900 -68.920000
10.054800 -69.367600
9.987140 -67.791500
10.061600 -69.251800
9.756090 -66.578000
10.065600 -69.140700
10.065600 -69.140700
10.069700 -69.030000
10.069900 -68.920000
10.069900 -68.920000
10.071200 -68.806300
10.071200 -68.806300
10.070300 -68.695300
10.070300 -68.695300
10.067700 -68.584400
10.067700 -68.584400
10.061100 -68.472500
10.054300 -68.358100
10.054300 -68.358100
10.054300 -68.358100
10.047200 -68.247500
10.034800 -68.138100
10.034800 -68.138100
10.022400 -68.020100
10.022400 -68.020100
10.005100 -67.906600
9.987140 -67.791500
9.987140 -67.791500
9.971600 -67.671800
9.971600 -67.671800
9.956680 -67.555300
9.935360 -67.436300
9.912460 -67.313800
9.890820 -67.187700
9.890820 -67.187700
9.863330 -67.058400
9.863330 -67.058400
9.863330 -67.058400
9.837880 -66.934400
9.837880 -66.934400
9.810580 -66.817400
9.810580 -66.817400
9.783360 -66.697200
9.756090 -66.578000
9.756090 -66.578000
9.730550 -66.458700
9.730550 -66.458700
9.702440 -66.338300
9.702440 -66.338300
9.538470 -65.748500
9.417830 -65.391100
8.946520 -64.146400
9.605260 -65.980100
9.573000 -65.865200
9.573000 -65.865200
9.538470 -65.748500
9.538470 -65.748500
9.502470 -65.635700
9.502470 -65.635700
9.663643 -66.223922
9.417830 -65.391100
9.417830 -65.391100
9.374180 -65.266900
9.374180 -65.266900
9.331580 -65.144200
9.331580 -65.144200
9.288540 -65.020000
9.239200 -64.893700
9.193240 -64.767500
9.193240 -64.767500
9.144160 -64.635900
9.144160 -64.635900
9.097430 -64.517300
9.047990 -64.388600
9.047990 -64.388600
9.638500 -66.100600
8.946520 -64.146400
8.906468 -64.031790
8.847110 -63.907600
8.847110 -63.907600
8.847110 -63.907600
8.795360 -63.791200
8.734390 -63.658400
8.677490 -63.527500
8.677490 -63.527500
8.622890 -63.396500
8.622890 -63.396500
8.554554 -63.245333
8.507810 -63.112200
8.507810 -63.112200
9.605260 -65.980100
8.396760 -62.818400
8.396760 -62.818400
8.344030 -62.677500
7.393330 -60.276800
8.300634 -62.542310
7.186570 -59.782100
8.249176 -62.398143
8.183310 -62.261100
8.136841 -62.117823
8.136841 -62.117823
8.084703 -61.979807
8.010857 -61.841115
8.010857 -61.841115
7.956723 -61.680913
7.895350 -61.540400
8.344030 -62.677500
7.836250 -61.389900
7.777670 -61.242600
7.777670 -61.242600
7.717950 -61.089500
7.654860 -60.928000
7.590070 -60.763800
7.526680 -60.603500
7.526680 -60.603500
7.460880 -60.441000
7.393330 -60.276800
7.328060 -60.114900
7.253670 -59.942600
7.186570 -59.782100
7.107700 -59.600300
7.040390 -59.446900
7.040390 -59.446900
6.964190 -59.277900
6.890070 -59.109800
6.814750 -58.940000
6.734900 -58.764700
6.734900 -58.764700
6.653870 -58.587700
6.653870 -58.587700
6.338920 -57.922400
5.561340 -56.296600
10.874410 -81.571397
16.716135 -79.724705
6.338920 -57.922400
6.259730 -57.754300
6.259730 -57.754300
6.178840 -57.582300
6.099760 -57.420700
6.099760 -57.420700
6.021700 -57.258200
6.021700 -57.258200
5.944790 -57.093200
5.944790 -57.093200
5.867780 -56.936200
5.867780 -56.936200
5.791420 -56.771900
5.714900 -56.616700
6.494900 -58.253200
5.634110 -56.450900
5.561340 -56.296600
5.561340 -56.296600
5.489070 -56.145800
5.489070 -56.145800
16.152715 -78.451908
16.232232 -78.611299
5.263970 -55.675700
5.198156 -55.518175
5.123000 -55.369000
5.123000 -55.369000
10.874410 -81.571397
4.969853 -55.069544
4.969853 -55.069544
6.417040 -58.087700
16.716135 -79.724705
4.694438 -54.588420
4.694438 -54.588420
4.694438 -54.588420
4.669228 -54.427054
4.598170 -54.263700
4.598170 -54.263700
4.518430 -54.101800
4.189260 -53.434400
4.023490 -53.099500
3.473140 -51.944400
3.233670 -51.442100
2.482580 -49.848300
4.189260 -53.434400
4.189260 -53.434400
4.106400 -53.267300
4.023490 -53.099500
4.023490 -53.099500
3.945940 -52.938700
3.867960 -52.776100
3.781650 -52.595600
3.698920 -52.426600
3.620920 -52.258400
3.620920 -52.258400
3.543700 -52.090700
3.473140 -51.944400
3.397180 -51.785800
3.397180 -51.785800
3.313810 -51.612400
3.313810 -51.612400
3.233670 -51.442100
3.151920 -51.273400
3.151920 -51.273400
3.078810 -51.115100
3.005770 -50.953700
2.937440 -50.802600
2.867420 -50.649800
2.867420 -50.649800
2.792830 -50.492100
2.718150 -50.333500
2.645090 -50.183300
2.564220 -50.017600
2.564220 -50.017600
2.482580 -49.848300
2.482580 -49.848300
2.395070 -49.679400
2.395070 -49.679400
2.297908 -49.516864
1.785140 -48.408600
1.516570 -47.829000
0.900363 -46.474700
1.966480 -48.796200
1.966480 -48.796200
1.871070 -48.591500
1.785140 -48.408600
1.700940 -48.225700
1.516570 -47.829000
1.516570 -47.829000
1.330230 -47.431900
1.258350 -47.261400
1.164080 -47.053700
0.978087 -46.651000
0.900363 -46.474700
0.809307 -46.276600
