-4.477758 -83.889065
-4.477758 -83.889065
-4.446990 -83.812200
-4.407690 -83.745000
-4.366800 -83.678300
-4.323510 -83.612200
-4.323510 -83.612200
-4.323510 -83.612200
-4.274400 -83.540000
-4.274400 -83.540000
-4.240232 -83.461777
-4.175630 -83.396900
-4.175630 -83.396900
-4.120350 -83.321500
-4.120350 -83.321500
-4.063910 -83.250800
-4.063910 -83.250800
-4.010470 -83.184400
-4.010470 -83.184400
-4.010470 -83.184400
-3.955360 -83.120100
-3.896820 -83.056400
-3.319166 -82.733773
-3.569896 -82.724522
-3.750524 -82.909031
-3.075757 -82.189603
-2.521729 -81.720226
-2.421770 -81.654800
-3.569896 -82.724522
-3.569896 -82.724522
-3.602360 -82.730100
-3.544510 -82.667700
-3.544510 -82.667700
-3.485850 -82.604800
-3.485850 -82.604800
-3.422720 -82.542100
-3.422720 -82.542100
-3.364319 -82.483507
-3.353372 -82.394589
-3.353372 -82.394589
-3.236078 -82.381070
-3.236078 -82.381070
-3.302223 -82.232970
-3.302223 -82.232970
-3.121381 -82.270337
-3.078465 -82.188515
-3.020289 -82.137365
-2.993031 -82.042695
-2.993031 -82.042695
-2.911642 -82.031379
-2.911642 -82.031379
-5.772843 -80.284991
-5.772843 -80.284991
-2.729682 -81.873814
-2.693860 -81.866100
-2.693860 -81.866100
-2.626880 -81.811900
-2.626880 -81.811900
-2.521729 -81.720226
-2.521729 -81.720226
-2.490830 -81.705100
-2.490830 -81.705100
-2.421770 -81.654800
-2.355970 -81.605400
-2.355970 -81.605400
-2.355970 -81.605400
-2.282960 -81.558700
-2.215880 -81.512000
-2.215880 -81.512000
-2.145930 -81.461300
-3.319166 -82.733773
-1.689020 -81.131600
-2.010940 -81.367400
-1.069140 -80.665900
-1.942390 -81.319000
-0.310139 -80.259500
-1.881105 -81.289643
-1.811350 -81.227000
-1.811350 -81.227000
-1.781321 -81.144992
-1.689020 -81.131600
-1.689020 -81.131600
1.122637 -86.961692
1.122637 -86.961692
-1.568112 -81.025229
-1.568112 -81.025229
-1.506600 -80.986900
-1.506600 -80.986900
-1.449290 -80.940700
-1.392660 -80.894800
-1.392660 -80.894800
-1.331130 -80.846800
-1.331130 -80.846800
-1.268220 -80.800300
-1.205220 -80.752200
-1.205220 -80.752200
-1.138890 -80.707100
-1.069140 -80.665900
-1.069140 -80.665900
-0.998520 -80.624500
-0.998520 -80.624500
-0.926375 -80.588300
-0.926375 -80.588300
-0.852379 -80.552800
-0.852379 -80.552800
-0.775366 -80.517700
-0.699436 -80.484100
-0.699436 -80.484100
-0.624062 -80.445700
-0.624062 -80.445700
-0.545066 -80.401800
-0.545066 -80.401800
-0.545066 -80.401800
-0.467266 -80.358000
-0.387870 -80.306100
-0.310139 -80.259500
-0.310139 -80.259500
-0.232859 -80.209800
0.270220 -79.848000
0.416765 -79.754500
0.981223 -79.424700
1.199621 -79.271602
-0.010613 -80.045400
0.062017 -79.991300
0.062017 -79.991300
0.062017 -79.991300
0.129348 -79.939300
0.129348 -79.939300
0.198366 -79.893300
0.198366 -79.893300
0.270220 -79.848000
0.342425 -79.801000
0.342425 -79.801000
0.342425 -79.801000
0.416765 -79.754500
0.495559 -79.711600
0.495559 -79.711600
0.575713 -79.671200
0.575713 -79.671200
0.655485 -79.622600
0.655485 -79.622600
0.736418 -79.570800
0.815951 -79.523100
0.815951 -79.523100
0.897775 -79.469200
0.897775 -79.469200
0.981223 -79.424700
0.981223 -79.424700
1.068790 -79.371300
1.154340 -79.324400
1.199621 -79.271602
1.199621 -79.271602
1.321410 -79.234900
1.321410 -79.234900
1.402680 -79.187100
1.402680 -79.187100
1.384173 -79.105761
-2.113939 -78.228606
1.615077 -79.048742
1.615077 -79.048742
1.615077 -79.048742
1.611951 -79.021624
1.611951 -79.021624
1.938401 -79.044126
1.938401 -79.044126
1.817159 -78.922619
3.403400 -77.517111
2.001020 -78.845200
2.868819 -78.375962
2.090515 -78.826615
3.661790 -78.082475
1.111069 -76.632254
1.117364 -77.035110
1.117364 -77.035110
2.169548 -78.695657
2.295170 -78.680673
2.373880 -78.650600
2.373880 -78.650600
2.452100 -78.611800
2.452100 -78.611800
2.530120 -78.570500
2.530120 -78.570500
2.530120 -78.570500
2.611030 -78.525000
2.690550 -78.478300
2.690550 -78.478300
2.001020 -78.845200
2.772490 -78.433200
2.868819 -78.375962
2.868819 -78.375962
2.933464 -78.958882
2.933464 -78.958882
3.010260 -78.312200
3.086930 -78.271000
3.163200 -78.233200
3.163200 -78.233200
3.237390 -78.198900
3.237390 -78.198900
3.310400 -78.166800
3.310400 -78.166800
3.310400 -78.166800
3.390020 -78.133400
3.472720 -78.102900
2.090515 -78.826615
-3.706998 -73.369033
3.661790 -78.082475
3.666195 -78.076126
3.717594 -78.030426
3.717594 -78.030426
3.807460 -77.970100
3.846075 -78.033035
3.846075 -78.033035
3.990547 -77.898730
3.990547 -77.898730
4.087780 -77.866719
4.087780 -77.866719
4.938063 -77.435962
4.344427 -77.467447
7.472532 -82.254531
5.830397 -76.859490
4.413747 -77.721642
4.413747 -77.721642
4.163480 -77.826200
4.344427 -77.467447
4.498768 -77.684269
4.571977 -77.644176
4.571977 -77.644176
4.648733 -77.612586
4.715324 -77.534934
4.715324 -77.534934
4.786845 -77.505366
4.865183 -77.453282
4.941143 -77.424491
4.938063 -77.435962
4.995768 -77.383734
5.043088 -77.325991
5.043088 -77.325991
5.132006 -77.340558
5.132006 -77.340558
7.472532 -82.254531
5.188566 -77.309044
7.561629 -82.250409
7.561629 -82.250409
5.307963 -77.212361
5.385544 -77.201482
5.385544 -77.201482
5.470292 -77.103469
5.538584 -77.100476
5.538584 -77.100476
5.596027 -77.025225
5.596027 -77.025225
5.687644 -77.018506
5.747273 -76.950047
5.747273 -76.950047
5.803282 -76.937658
4.331874 -77.733906
5.830397 -76.859490
5.896631 -76.807412
5.896631 -76.807412
5.975499 -76.751236
6.040085 -76.770488
6.330920 -76.498900
6.881963 -75.942380
7.076690 -75.768800
7.504409 -75.402325
7.639460 -75.118400
9.755532 -81.339005
6.330920 -76.498900
6.330920 -76.498900
6.126787 -76.449384
6.126787 -76.449384
6.439293 -76.390717
6.439293 -76.390717
6.014548 -77.017479
6.480602 -76.400725
6.597660 -76.233000
6.655410 -76.176400
6.655410 -76.176400
6.714160 -76.121000
6.714160 -76.121000
6.772970 -76.063800
6.772970 -76.063800
6.835860 -76.008300
6.881963 -75.942380
6.881963 -75.942380
6.952130 -75.889400
7.013410 -75.831800
7.013410 -75.831800
7.076690 -75.768800
7.076690 -75.768800
7.139110 -75.702300
7.217639 -75.635129
7.217639 -75.635129
4.531796 -83.288079
4.528136 -83.382562
4.528136 -83.382562
7.384090 -75.427000
7.384090 -75.427000
7.504409 -75.402325
7.506250 -75.278200
7.506250 -75.278200
7.572940 -75.184567
7.639460 -75.118400
7.639460 -75.118400
9.758384 -79.362739
8.369750 -74.200000
8.902285 -73.470019
9.529520 -72.425200
7.933842 -74.689611
7.933842 -74.689611
8.005096 -74.600236
8.096420 -74.562400
8.224031 -74.676139
8.224031 -74.676139
8.237211 -74.385417
8.302620 -74.293500
7.765653 -74.906774
8.367009 -74.188708
21.233961 -75.516915
19.231919 -77.038159
8.608601 -73.893585
12.582457 -82.140544
12.582457 -82.140544
8.723950 -73.690943
8.723950 -73.690943
8.829392 -73.571749
8.829392 -73.571749
8.902285 -73.470019
8.962210 -73.356000
8.962210 -73.356000
7.830900 -74.887200
8.995730 -73.264145
9.080493 -73.120109
12.816374 -69.935337
9.154603 -73.034525
12.576614 -70.046008
9.372034 -73.043537
9.372034 -73.043537
9.472643 -72.699239
9.472643 -72.699239
9.339512 -72.632804
9.406209 -72.529861
9.529520 -72.425200
9.529520 -72.425200
9.529520 -72.425200
9.577461 -72.316279
10.017900 -69.952600
9.621840 -72.244800
9.868650 -71.214200
9.993040 -70.172400
9.698337 -72.145223
9.730218 -71.992709
9.730218 -71.992709
9.752023 -71.895382
9.752023 -71.895382
9.786213 -71.802738
9.786213 -71.802738
9.810699 -71.719898
9.808055 -71.608261
9.850920 -71.506300
9.850920 -71.506300
9.861090 -71.410200
9.861090 -71.410200
9.863460 -71.312700
9.863460 -71.312700
9.868650 -71.214200
9.885403 -71.166367
9.885403 -71.166367
9.878850 -71.005200
9.878850 -71.005200
9.891000 -70.900200
9.905520 -70.796000
9.905520 -70.796000
9.920620 -70.693000
9.934920 -70.592700
9.947680 -70.490200
9.947680 -70.490200
9.958417 -70.378423
9.958417 -70.378423
9.978570 -70.282500
9.978570 -70.282500
9.993040 -70.172400
10.006300 -70.060600
10.017900 -69.952600
10.017900 -69.952600
10.017900 -69.952600
10.027700 -69.841800
10.035400 -69.724800
10.035400 -69.724800
10.043100 -69.609700
9.783360 -66.697200
10.069900 -68.920000
10.057170 -69.350023
9.987140 -67.791500
10.061600 -69.251800
9.756090 -66.578000
16.935072 -83.778140
16.935072 -83.778140
10.069700 -69.030000
10.069900 -68.920000
10.069900 -68.920000
10.081998 -68.807449
10.081998 -68.807449
10.062787 -68.688322
10.062787 -68.688322
10.059735 -68.579982
10.059735 -68.579982
10.055021 -68.475230
10.054300 -68.358100
10.054300 -68.358100
10.054300 -68.358100
10.047200 -68.247500
10.034800 -68.138100
10.034800 -68.138100
10.022400 -68.020100
10.022400 -68.020100
10.005100 -67.906600
9.987140 -67.791500
9.987140 -67.791500
9.971600 -67.671800
9.971600 -67.671800
9.956680 -67.555300
9.935360 -67.436300
9.912460 -67.313800
9.890820 -67.187700
9.890820 -67.187700
9.863330 -67.058400
9.863330 -67.058400
9.863330 -67.058400
9.837880 -66.934400
9.837880 -66.934400
9.810580 -66.817400
9.810580 -66.817400
9.783360 -66.697200
9.756090 -66.578000
9.756090 -66.578000
9.730550 -66.458700
9.730550 -66.458700
9.702440 -66.338300
9.702440 -66.338300
9.538470 -65.748500
9.417830 -65.391100
8.946520 -64.146400
9.605260 -65.980100
9.573000 -65.865200
9.573000 -65.865200
9.538470 -65.748500
9.538470 -65.748500
9.502470 -65.635700
9.502470 -65.635700
9.671990 -66.223605
9.417830 -65.391100
9.417830 -65.391100
9.388658 -65.270065
9.388658 -65.270065
9.331580 -65.144200
9.331580 -65.144200
9.288540 -65.020000
9.239200 -64.893700
9.193240 -64.767500
9.193240 -64.767500
9.144160 -64.635900
9.144160 -64.635900
9.097430 -64.517300
9.047990 -64.388600
9.047990 -64.388600
9.638500 -66.100600
8.946520 -64.146400
8.893930 -64.020100
8.854571 -63.913328
8.854571 -63.913328
8.854571 -63.913328
8.791823 -63.799696
8.734390 -63.658400
8.677490 -63.527500
8.677490 -63.527500
8.614472 -63.413389
8.614472 -63.413389
8.565540 -63.256600
8.507810 -63.112200
8.507810 -63.112200
9.605260 -65.980100
8.396760 -62.818400
8.396760 -62.818400
8.348123 -62.662985
7.394812 -60.272268
8.290930 -62.538400
7.186570 -59.782100
8.278292 -62.468712
8.163125 -62.263424
8.044064 -62.107018
8.044064 -62.107018
14.843856 -71.711537
8.044060 -61.830779
8.044060 -61.830779
12.497515 -75.762965
7.899427 -61.537813
8.348123 -62.662985
7.786680 -61.429177
7.816179 -61.173527
7.816179 -61.173527
7.691677 -61.111601
7.672495 -60.943022
7.590070 -60.763800
7.589369 -60.551741
7.589369 -60.551741
7.528174 -60.358541
7.394812 -60.272268
7.328060 -60.114900
7.253670 -59.942600
7.186570 -59.782100
7.107700 -59.600300
7.040390 -59.446900
7.040390 -59.446900
6.964190 -59.277900
6.890070 -59.109800
6.814750 -58.940000
6.734900 -58.764700
6.734900 -58.764700
6.653870 -58.587700
6.653870 -58.587700
6.338920 -57.922400
5.561340 -56.296600
5.044989 -55.210311
4.829440 -54.742700
6.338920 -57.922400
6.259730 -57.754300
6.259730 -57.754300
6.178840 -57.582300
6.099760 -57.420700
6.099760 -57.420700
6.021700 -57.258200
6.021700 -57.258200
5.944790 -57.093200
5.944790 -57.093200
5.867780 -56.936200
5.867780 -56.936200
5.791420 -56.771900
5.704968 -56.614882
6.494900 -58.253200
5.585363 -56.443265
5.561340 -56.296600
5.561340 -56.296600
5.489070 -56.145800
5.489070 -56.145800
5.420742 -55.958544
5.336200 -55.825200
5.263970 -55.675700
5.193070 -55.520300
5.123000 -55.369000
5.123000 -55.369000
5.044989 -55.210311
4.969853 -55.069544
4.969853 -55.069544
6.417040 -58.087700
4.829440 -54.742700
4.753440 -54.581100
4.753440 -54.581100
4.753440 -54.581100
4.669227 -54.427054
4.598170 -54.263700
4.598170 -54.263700
4.518430 -54.101800
4.189260 -53.434400
4.023490 -53.099500
3.473140 -51.944400
3.233670 -51.442100
2.482580 -49.848300
4.189260 -53.434400
4.189260 -53.434400
4.106400 -53.267300
4.023490 -53.099500
4.023490 -53.099500
3.945940 -52.938700
3.867960 -52.776100
3.781650 -52.595600
8.526445 -51.241286
3.620920 -52.258400
3.620920 -52.258400
3.543700 -52.090700
3.473140 -51.944400
3.397180 -51.785800
3.397180 -51.785800
3.313810 -51.612400
3.313810 -51.612400
3.233670 -51.442100
3.151920 -51.273400
3.151920 -51.273400
3.078810 -51.115100
3.005770 -50.953700
2.937440 -50.802600
2.867420 -50.649800
2.867420 -50.649800
2.792830 -50.492100
2.718150 -50.333500
2.645090 -50.183300
2.564220 -50.017600
2.564220 -50.017600
2.482580 -49.848300
2.482580 -49.848300
2.395070 -49.679400
2.395070 -49.679400
2.308710 -49.509400
1.785140 -48.408600
1.516570 -47.829000
0.900363 -46.474700
1.966480 -48.796200
1.966480 -48.796200
1.871070 -48.591500
1.785140 -48.408600
1.700940 -48.225700
1.516570 -47.829000
1.516570 -47.829000
1.330230 -47.431900
1.258350 -47.261400
1.164080 -47.053700
0.978087 -46.651000
0.900363 -46.474700
0.809307 -46.276600
-4.477758 -83.889065
-4.477758 -83.889065
-4.446990 -83.812200
-4.407690 -83.745000
-4.366800 -83.678300
-4.323510 -83.612200
-4.323510 -83.612200
-4.323510 -83.612200
-4.274400 -83.540000
-4.274400 -83.540000
-4.240232 -83.461777
-4.175630 -83.396900
-4.175630 -83.396900
-4.120350 -83.321500
-4.120350 -83.321500
-4.063910 -83.250800
-4.063910 -83.250800
-4.010470 -83.184400
-4.010470 -83.184400
-4.010470 -83.184400
-3.955360 -83.120100
-3.896820 -83.056400
-3.319166 -82.733773
-3.569896 -82.724522
-3.750524 -82.909031
-3.075757 -82.189603
-2.521729 -81.720226
-2.421770 -81.654800
-3.569896 -82.724522
-3.569896 -82.724522
-3.602360 -82.730100
-3.544510 -82.667700
-3.544510 -82.667700
-3.485850 -82.604800
-3.485850 -82.604800
-3.422720 -82.542100
-3.422720 -82.542100
-3.364319 -82.483507
-3.353372 -82.394589
-3.353372 -82.394589
-3.236078 -82.381070
-3.236078 -82.381070
-3.302223 -82.232970
-3.302223 -82.232970
-3.121381 -82.270337
-3.078465 -82.188515
-3.020289 -82.137365
-2.993031 -82.042695
-2.993031 -82.042695
-2.911642 -82.031379
-2.911642 -82.031379
-5.772843 -80.284991
-5.772843 -80.284991
-2.729682 -81.873814
-2.693860 -81.866100
-2.693860 -81.866100
-2.626880 -81.811900
-2.626880 -81.811900
-2.521729 -81.720226
-2.521729 -81.720226
-2.490830 -81.705100
-2.490830 -81.705100
-2.421770 -81.654800
-2.355970 -81.605400
-2.355970 -81.605400
-2.355970 -81.605400
-2.282960 -81.558700
-2.215880 -81.512000
-2.215880 -81.512000
-2.145930 -81.461300
-3.319166 -82.733773
-1.689020 -81.131600
-2.010940 -81.367400
-1.069140 -80.665900
-1.942390 -81.319000
-0.310139 -80.259500
-1.881105 -81.289643
-1.811350 -81.227000
-1.811350 -81.227000
-1.781321 -81.144992
-1.689020 -81.131600
-1.689020 -81.131600
1.122637 -86.961692
1.122637 -86.961692
-1.568112 -81.025229
-1.568112 -81.025229
-1.506600 -80.986900
-1.506600 -80.986900
-1.449290 -80.940700
-1.392660 -80.894800
-1.392660 -80.894800
-1.331130 -80.846800
-1.331130 -80.846800
-1.268220 -80.800300
-1.205220 -80.752200
-1.205220 -80.752200
-1.138890 -80.707100
-1.069140 -80.665900
-1.069140 -80.665900
-0.998520 -80.624500
-0.998520 -80.624500
-0.926375 -80.588300
-0.926375 -80.588300
-0.852379 -80.552800
-0.852379 -80.552800
-0.775366 -80.517700
-0.699436 -80.484100
-0.699436 -80.484100
-0.624062 -80.445700
-0.624062 -80.445700
-0.545066 -80.401800
-0.545066 -80.401800
-0.545066 -80.401800
-0.467266 -80.358000
-0.387870 -80.306100
-0.310139 -80.259500
-0.310139 -80.259500
-0.232859 -80.209800
0.270220 -79.848000
0.416765 -79.754500
0.981223 -79.424700
1.199621 -79.271602
-0.010613 -80.045400
0.062017 -79.991300
0.062017 -79.991300
0.062017 -79.991300
0.129348 -79.939300
0.129348 -79.939300
0.198366 -79.893300
0.198366 -79.893300
0.270220 -79.848000
0.342425 -79.801000
0.342425 -79.801000
0.342425 -79.801000
0.416765 -79.754500
0.495559 -79.711600
0.495559 -79.711600
0.575713 -79.671200
0.575713 -79.671200
0.655485 -79.622600
0.655485 -79.622600
0.736418 -79.570800
0.815951 -79.523100
0.815951 -79.523100
0.897775 -79.469200
0.897775 -79.469200
0.981223 -79.424700
0.981223 -79.424700
1.068790 -79.371300
1.154340 -79.324400
1.199621 -79.271602
1.199621 -79.271602
1.321410 -79.234900
1.321410 -79.234900
1.402680 -79.187100
1.402680 -79.187100
1.384173 -79.105761
-2.113939 -78.228606
1.615077 -79.048742
1.615077 -79.048742
1.615077 -79.048742
1.611951 -79.021624
1.611951 -79.021624
1.938401 -79.044126
1.938401 -79.044126
1.817159 -78.922619
3.403400 -77.517111
2.001020 -78.845200
2.868819 -78.375962
2.090515 -78.826615
3.661790 -78.082475
1.111069 -76.632254
1.117364 -77.035110
1.117364 -77.035110
2.169548 -78.695657
2.295170 -78.680673
2.373880 -78.650600
2.373880 -78.650600
2.452100 -78.611800
2.452100 -78.611800
2.530120 -78.570500
2.530120 -78.570500
2.530120 -78.570500
2.611030 -78.525000
2.690550 -78.478300
2.690550 -78.478300
2.001020 -78.845200
2.772490 -78.433200
2.868819 -78.375962
2.868819 -78.375962
2.933464 -78.958882
2.933464 -78.958882
3.010260 -78.312200
3.086930 -78.271000
3.163200 -78.233200
3.163200 -78.233200
3.237390 -78.198900
3.237390 -78.198900
3.310400 -78.166800
3.310400 -78.166800
3.310400 -78.166800
3.390020 -78.133400
3.472720 -78.102900
2.090515 -78.826615
-3.706998 -73.369033
3.661790 -78.082475
3.666195 -78.076126
3.717594 -78.030426
3.717594 -78.030426
3.807460 -77.970100
3.846075 -78.033035
3.846075 -78.033035
3.990547 -77.898730
3.990547 -77.898730
4.087780 -77.866719
4.087780 -77.866719
4.938063 -77.435962
4.344427 -77.467447
7.472532 -82.254531
5.830397 -76.859490
4.413747 -77.721642
4.413747 -77.721642
4.163480 -77.826200
4.344427 -77.467447
4.498768 -77.684269
4.571977 -77.644176
4.571977 -77.644176
4.648733 -77.612586
4.715324 -77.534934
4.715324 -77.534934
4.786845 -77.505366
4.865183 -77.453282
4.941143 -77.424491
4.938063 -77.435962
4.995768 -77.383734
5.043088 -77.325991
5.043088 -77.325991
5.132006 -77.340558
5.132006 -77.340558
7.472532 -82.254531
5.188566 -77.309044
7.561629 -82.250409
7.561629 -82.250409
5.307963 -77.212361
5.385544 -77.201482
5.385544 -77.201482
5.470292 -77.103469
5.538584 -77.100476
5.538584 -77.100476
5.596027 -77.025225
5.596027 -77.025225
5.687644 -77.018506
5.747273 -76.950047
5.747273 -76.950047
5.803282 -76.937658
4.331874 -77.733906
5.830397 -76.859490
5.896631 -76.807412
5.896631 -76.807412
5.975499 -76.751236
6.040085 -76.770488
6.330920 -76.498900
6.881963 -75.942380
7.076690 -75.768800
7.504409 -75.402325
7.639460 -75.118400
9.755532 -81.339005
6.330920 -76.498900
6.330920 -76.498900
6.126787 -76.449384
6.126787 -76.449384
6.439293 -76.390717
6.439293 -76.390717
6.014548 -77.017479
6.480602 -76.400725
6.597660 -76.233000
6.655410 -76.176400
6.655410 -76.176400
6.714160 -76.121000
6.714160 -76.121000
6.772970 -76.063800
6.772970 -76.063800
6.835860 -76.008300
6.881963 -75.942380
6.881963 -75.942380
6.952130 -75.889400
7.013410 -75.831800
7.013410 -75.831800
7.076690 -75.768800
7.076690 -75.768800
7.139110 -75.702300
7.217639 -75.635129
7.217639 -75.635129
4.531796 -83.288079
4.528136 -83.382562
4.528136 -83.382562
7.384090 -75.427000
7.384090 -75.427000
7.504409 -75.402325
7.506250 -75.278200
7.506250 -75.278200
7.572940 -75.184567
7.639460 -75.118400
7.639460 -75.118400
9.758384 -79.362739
8.369750 -74.200000
8.902285 -73.470019
9.529520 -72.425200
7.933842 -74.689611
7.933842 -74.689611
8.005096 -74.600236
8.096420 -74.562400
8.224031 -74.676139
8.224031 -74.676139
8.237211 -74.385417
8.302620 -74.293500
7.765653 -74.906774
8.367009 -74.188708
21.233961 -75.516915
19.231919 -77.038159
8.608601 -73.893585
12.582457 -82.140544
12.582457 -82.140544
8.723950 -73.690943
8.723950 -73.690943
8.829392 -73.571749
8.829392 -73.571749
8.902285 -73.470019
8.962210 -73.356000
8.962210 -73.356000
7.830900 -74.887200
8.995730 -73.264145
9.080493 -73.120109
12.816374 -69.935337
9.154603 -73.034525
12.576614 -70.046008
9.372034 -73.043537
9.372034 -73.043537
9.472643 -72.699239
9.472643 -72.699239
9.339512 -72.632804
9.406209 -72.529861
9.529520 -72.425200
9.529520 -72.425200
9.529520 -72.425200
9.577461 -72.316279
10.017900 -69.952600
9.621840 -72.244800
9.868650 -71.214200
9.993040 -70.172400
9.698337 -72.145223
9.730218 -71.992709
9.730218 -71.992709
9.752023 -71.895382
9.752023 -71.895382
9.786213 -71.802738
9.786213 -71.802738
9.810699 -71.719898
9.808055 -71.608261
9.850920 -71.506300
9.850920 -71.506300
9.861090 -71.410200
9.861090 -71.410200
9.863460 -71.312700
9.863460 -71.312700
9.868650 -71.214200
9.885403 -71.166367
9.885403 -71.166367
9.878850 -71.005200
9.878850 -71.005200
9.891000 -70.900200
9.905520 -70.796000
9.905520 -70.796000
9.920620 -70.693000
9.934920 -70.592700
9.947680 -70.490200
9.947680 -70.490200
9.958417 -70.378423
9.958417 -70.378423
9.978570 -70.282500
9.978570 -70.282500
9.993040 -70.172400
10.006300 -70.060600
10.017900 -69.952600
10.017900 -69.952600
10.017900 -69.952600
10.027700 -69.841800
10.035400 -69.724800
10.035400 -69.724800
10.043100 -69.609700
9.783360 -66.697200
10.069900 -68.920000
10.057170 -69.350023
9.987140 -67.791500
10.061600 -69.251800
9.756090 -66.578000
16.935072 -83.778140
16.935072 -83.778140
10.069700 -69.030000
10.069900 -68.920000
10.069900 -68.920000
10.081998 -68.807449
10.081998 -68.807449
10.062787 -68.688322
10.062787 -68.688322
10.059735 -68.579982
10.059735 -68.579982
10.055021 -68.475230
10.054300 -68.358100
10.054300 -68.358100
10.054300 -68.358100
10.047200 -68.247500
10.034800 -68.138100
10.034800 -68.138100
10.022400 -68.020100
10.022400 -68.020100
10.005100 -67.906600
9.987140 -67.791500
9.987140 -67.791500
9.971600 -67.671800
9.971600 -67.671800
9.956680 -67.555300
9.935360 -67.436300
9.912460 -67.313800
9.890820 -67.187700
9.890820 -67.187700
9.863330 -67.058400
9.863330 -67.058400
9.863330 -67.058400
9.837880 -66.934400
9.837880 -66.934400
9.810580 -66.817400
9.810580 -66.817400
9.783360 -66.697200
9.756090 -66.578000
9.756090 -66.578000
9.730550 -66.458700
9.730550 -66.458700
9.702440 -66.338300
9.702440 -66.338300
9.538470 -65.748500
9.417830 -65.391100
8.946520 -64.146400
9.605260 -65.980100
9.573000 -65.865200
9.573000 -65.865200
9.538470 -65.748500
9.538470 -65.748500
9.502470 -65.635700
9.502470 -65.635700
9.671990 -66.223605
9.417830 -65.391100
9.417830 -65.391100
9.388658 -65.270065
9.388658 -65.270065
9.331580 -65.144200
9.331580 -65.144200
9.288540 -65.020000
9.239200 -64.893700
9.193240 -64.767500
9.193240 -64.767500
9.144160 -64.635900
9.144160 -64.635900
9.097430 -64.517300
9.047990 -64.388600
9.047990 -64.388600
9.638500 -66.100600
8.946520 -64.146400
8.893930 -64.020100
8.854571 -63.913328
8.854571 -63.913328
8.854571 -63.913328
8.791823 -63.799696
8.734390 -63.658400
8.677490 -63.527500
8.677490 -63.527500
8.614472 -63.413389
8.614472 -63.413389
8.565540 -63.256600
8.507810 -63.112200
8.507810 -63.112200
9.605260 -65.980100
8.396760 -62.818400
8.396760 -62.818400
8.348123 -62.662985
7.394812 -60.272268
8.290930 -62.538400
7.186570 -59.782100
8.278292 -62.468712
8.163125 -62.263424
8.044064 -62.107018
8.044064 -62.107018
14.843856 -71.711537
12.936120 -73.481279
12.936120 -73.481279
12.497515 -75.762965
7.899427 -61.537813
8.348123 -62.662985
7.786680 -61.429177
7.816179 -61.173527
7.816179 -61.173527
7.691677 -61.111601
7.672495 -60.943022
7.590070 -60.763800
7.589369 -60.551741
7.589369 -60.551741
7.528174 -60.358541
7.394812 -60.272268
7.328060 -60.114900
7.253670 -59.942600
7.186570 -59.782100
7.107700 -59.600300
7.040390 -59.446900
7.040390 -59.446900
6.964190 -59.277900
6.890070 -59.109800
6.814750 -58.940000
6.734900 -58.764700
6.734900 -58.764700
6.653870 -58.587700
6.653870 -58.587700
6.338920 -57.922400
5.561340 -56.296600
5.044989 -55.210311
4.829440 -54.742700
6.338920 -57.922400
6.259730 -57.754300
6.259730 -57.754300
6.178840 -57.582300
6.099760 -57.420700
6.099760 -57.420700
6.021700 -57.258200
6.021700 -57.258200
5.944790 -57.093200
5.944790 -57.093200
5.867780 -56.936200
5.867780 -56.936200
5.791420 -56.771900
5.704968 -56.614882
6.494900 -58.253200
5.585363 -56.443265
5.561340 -56.296600
5.561340 -56.296600
5.489070 -56.145800
5.489070 -56.145800
5.420742 -55.958544
5.336200 -55.825200
5.263970 -55.675700
5.193070 -55.520300
5.123000 -55.369000
5.123000 -55.369000
5.044989 -55.210311
4.969853 -55.069544
4.969853 -55.069544
6.417040 -58.087700
4.829440 -54.742700
4.753440 -54.581100
4.753440 -54.581100
4.753440 -54.581100
4.669227 -54.427054
4.598170 -54.263700
4.598170 -54.263700
4.518430 -54.101800
4.189260 -53.434400
4.023490 -53.099500
3.473140 -51.944400
3.233670 -51.442100
2.482580 -49.848300
4.189260 -53.434400
4.189260 -53.434400
4.106400 -53.267300
4.023490 -53.099500
4.023490 -53.099500
3.945940 -52.938700
3.867960 -52.776100
3.781650 -52.595600
8.526445 -51.241286
3.620920 -52.258400
3.620920 -52.258400
3.543700 -52.090700
3.473140 -51.944400
3.397180 -51.785800
3.397180 -51.785800
3.313810 -51.612400
3.313810 -51.612400
3.233670 -51.442100
3.151920 -51.273400
3.151920 -51.273400
3.078810 -51.115100
3.005770 -50.953700
2.937440 -50.802600
2.867420 -50.649800
2.867420 -50.649800
2.792830 -50.492100
2.718150 -50.333500
2.645090 -50.183300
2.564220 -50.017600
2.564220 -50.017600
2.482580 -49.848300
2.482580 -49.848300
2.395070 -49.679400
2.395070 -49.679400
2.308710 -49.509400
1.785140 -48.408600
1.516570 -47.829000
0.900363 -46.474700
1.966480 -48.796200
1.966480 -48.796200
1.871070 -48.591500
1.785140 -48.408600
1.700940 -48.225700
1.516570 -47.829000
1.516570 -47.829000
1.330230 -47.431900
1.258350 -47.261400
1.164080 -47.053700
0.978087 -46.651000
0.900363 -46.474700
0.809307 -46.276600
