-7.116751 -103.481065
-5.156556 -85.561974
-0.908078 -96.648031
-0.908078 -96.648031
-5.150924 -85.477104
-5.684637 -85.276598
-5.684637 -85.276598
-5.166420 -85.217900
-5.174127 -85.150144
-5.174127 -85.150144
-5.166340 -85.055200
-5.166340 -85.055200
-5.162777 -84.956109
-5.162777 -84.956109
-5.149920 -84.901000
-5.149920 -84.901000
-6.171997 -82.675775
-5.112212 -84.799728
-5.116948 -84.800558
-6.354179 -82.136066
-6.354179 -82.136066
-5.126623 -84.629801
-5.092850 -84.564600
-8.000318 -75.203852
-5.091872 -84.516504
-5.066750 -84.433500
-5.064717 -84.420753
-5.064717 -84.420753
-5.051070 -84.367300
-5.051070 -84.367300
-5.034000 -84.293500
-5.046942 -84.301327
-5.016830 -84.219200
-5.016830 -84.219200
-5.016830 -84.219200
-5.000780 -84.144100
-4.969043 -84.070748
-4.951215 -84.118952
-4.962340 -83.986900
-4.841750 -83.591200
-4.759030 -83.354700
-4.917515 -83.832832
-4.435970 -82.657756
-4.892180 -83.751000
-4.046000 -82.055700
-4.867900 -83.673500
-4.841750 -83.591200
-4.841750 -83.591200
-4.855906 -83.584358
-4.814560 -83.511800
-4.814560 -83.511800
-4.787490 -83.431500
-4.787490 -83.431500
-4.759030 -83.354700
-4.759030 -83.354700
-4.928304 -83.831951
3.339118 -62.726306
3.339118 -62.726306
-4.697818 -83.197261
5.807601 -80.920920
-8.031769 -79.465291
-4.671717 -83.071904
-4.659312 -83.272413
-4.630220 -82.992700
-4.630220 -82.992700
-4.597700 -82.921800
-4.597700 -82.921800
-4.597700 -82.921800
-4.562960 -82.847500
-4.562960 -82.847500
-4.529330 -82.781500
-4.529330 -82.781500
-7.268166 -73.791722
-7.268070 -73.793779
-4.439752 -82.647482
-4.401941 -82.588755
-4.401941 -82.588755
-4.369340 -82.526100
-4.326380 -82.461200
-4.326380 -82.461200
-4.284330 -82.398300
-4.196848 -82.463886
-0.081197 -74.676178
-4.237415 -82.307381
-4.237415 -82.307381
-4.201750 -82.280800
-4.163120 -82.225000
-4.222263 -81.996602
-4.110358 -82.101170
-4.085230 -82.145959
-4.085230 -82.145959
-4.046000 -82.055700
-4.867900 -83.673500
-4.002210 -81.991500
-3.771550 -81.693700
-3.345840 -81.298100
-3.254934 -81.204506
-2.773600 -80.877000
-3.870840 -81.810500
-3.870840 -81.810500
-3.870840 -81.810500
-3.822250 -81.753000
-4.002210 -81.991500
-3.771550 -81.693700
-3.771550 -81.693700
-3.723520 -81.640400
-3.670910 -81.585700
-3.670910 -81.585700
-3.618070 -81.534100
-3.618070 -81.534100
-3.564290 -81.484500
-3.508800 -81.434200
-3.508800 -81.434200
-3.959110 -81.927600
-3.453300 -81.383100
-3.402720 -81.345500
-3.402720 -81.345500
-3.345840 -81.298100
-3.345840 -81.298100
-3.291420 -81.256300
-3.291420 -81.256300
-3.254934 -81.204506
-3.236340 -81.213900
-3.178870 -81.174800
-3.121960 -81.133100
-3.121960 -81.133100
-3.121960 -81.133100
-3.071830 -81.096000
-3.071830 -81.096000
-3.017670 -81.056800
-3.017670 -81.056800
-2.959329 -81.003857
-3.915570 -81.865600
-2.895420 -80.971300
-2.839325 -80.909023
-2.839325 -80.909023
-2.773600 -80.877000
12.043938 -78.383894
-2.654555 -80.809077
-2.654555 -80.809077
-2.617586 -80.766518
-2.551044 -80.824056
-2.549910 -80.724300
-2.485125 -80.645438
-2.484556 -80.651414
-2.388243 -80.593408
-1.975569 -80.401545
-2.277325 -80.739197
-1.200659 -80.014308
-2.207341 -80.499972
-0.676987 -79.806500
-2.291490 -78.874519
0.795770 -79.594250
0.795770 -79.594250
-2.083484 -80.411095
-3.788650 -72.452057
-3.788650 -72.452057
-1.928680 -80.320800
-1.928680 -80.320800
-1.856757 -80.295788
-1.900330 -80.234875
-1.785442 -80.223108
-1.785032 -80.216659
-1.743300 -80.207808
2.021753 -76.732434
-1.795431 -80.165695
-1.654240 -80.174000
-1.747257 -80.140674
-1.588210 -80.144500
-1.588210 -80.144500
-1.535572 -80.099624
-2.290860 -80.722131
-1.483342 -80.054485
-1.440461 -80.122043
-1.434394 -80.025859
-1.361504 -80.063861
-1.362082 -80.011367
-1.690914 -75.853837
-1.271370 -80.015800
-2.806221 -78.935980
-1.216220 -79.998300
-1.199569 -80.002601
-1.167316 -79.982475
-1.157368 -79.942828
-1.105470 -79.963700
-1.067305 -79.938681
12.200155 -67.395894
-0.983723 -79.986702
-0.983723 -79.986702
5.305104 -69.024386
-2.220430 -80.509900
-0.885715 -79.872635
-0.826875 -79.869795
-0.826875 -79.869795
-0.780855 -79.867218
-0.779947 -79.814289
-0.731413 -79.827800
-0.703046 -79.802512
-0.676987 -79.806500
-0.439895 -79.717100
-0.208456 -79.639900
-0.041882 -79.567400
-0.572588 -79.767300
0.551095 -79.263100
-0.525884 -79.749500
-0.476457 -79.739727
-0.476457 -79.739727
-0.439895 -79.717100
-0.439895 -79.717100
-0.613265 -79.798769
-0.342239 -79.695788
-0.342239 -79.695788
-0.318083 -79.660351
-0.318083 -79.660351
-0.280997 -79.683089
-0.277440 -79.664369
-0.242241 -79.662234
-0.233463 -79.658609
-0.208456 -79.639900
-0.171215 -79.624632
-0.171215 -79.624632
-0.128081 -79.605300
-0.128081 -79.605300
-0.084579 -79.584400
-0.084579 -79.584400
-0.041882 -79.567400
-0.041882 -79.567400
-0.572588 -79.767300
0.060762 -79.518300
0.060762 -79.518300
0.118004 -79.490100
0.175753 -79.463600
0.175753 -79.463600
0.175753 -79.463600
0.249608 -79.421400
0.249608 -79.421400
4.606672 -71.382855
0.379214 -79.353816
0.379214 -79.353816
0.437005 -79.321195
0.500499 -79.290014
5.479192 -73.497374
0.498588 -79.276179
6.084977 -70.121586
0.568199 -79.251675
-0.525884 -79.749500
-0.525884 -79.749500
0.646211 -79.228580
0.789953 -79.345927
1.028720 -79.041800
0.167836 -78.912299
1.280740 -78.986800
-0.987219 -73.537311
0.860303 -79.113998
0.896721 -79.084300
0.896721 -79.084300
0.896721 -79.084300
0.941035 -79.068500
0.941035 -79.068500
0.983788 -79.053700
0.983788 -79.053700
1.028720 -79.041800
1.028720 -79.041800
1.071100 -79.033400
0.167836 -78.912299
1.112150 -79.024600
1.153890 -79.017300
1.153890 -79.017300
5.478148 -70.291041
1.189653 -79.037231
2.991794 -78.541199
1.525275 -76.955771
1.280740 -78.986800
1.280740 -78.986800
1.325380 -78.974200
1.325380 -78.974200
1.365350 -78.961000
1.365350 -78.961000
6.566997 -69.873929
6.563019 -69.873678
1.452632 -78.938194
1.452632 -78.938194
1.481630 -78.920800
0.797643 -79.128500
1.522940 -78.906900
1.560010 -78.894000
1.560010 -78.894000
1.597750 -78.878000
1.594089 -78.871159
1.649103 -78.845128
1.649228 -78.847659
-0.987219 -73.537311
1.677080 -78.843100
1.710220 -78.824400
1.739294 -78.824042
1.794780 -78.792700
1.794780 -78.792700
1.831340 -78.773800
1.872360 -78.756200
1.903000 -78.733400
8.758190 -72.000720
1.937400 -78.699500
1.980530 -78.680700
1.980530 -78.680700
2.020980 -78.657000
2.020980 -78.657000
2.061160 -78.630500
2.072829 -78.644527
2.101480 -78.603000
2.101480 -78.603000
2.150830 -78.578500
2.150830 -78.578500
2.199230 -78.551200
2.199230 -78.551200
2.238144 -78.522107
2.238144 -78.522107
2.306597 -78.481327
2.286159 -78.505340
2.286159 -78.505340
2.341840 -78.468500
2.384810 -78.436100
2.384810 -78.436100
2.434430 -78.410900
2.434430 -78.410900
2.479780 -78.384000
2.522470 -78.343068
2.522470 -78.343068
1.805304 -78.320809
1.805304 -78.320809
2.660187 -78.212295
2.659256 -78.209407
3.877313 -77.811847
6.887771 -74.449938
2.697040 -78.247600
5.713683 -77.957908
5.713683 -77.957908
1.937400 -78.699500
2.788329 -78.216064
5.010218 -78.518013
2.833652 -78.219420
2.859461 -78.172260
2.914961 -78.131434
13.718596 -75.151600
5.599859 -73.587286
1.629131 -74.406018
5.499840 -83.402280
5.499840 -83.402280
3.101868 -78.031750
3.563911 -77.875009
4.277271 -77.683545
4.504150 -77.594600
4.405751 -73.052732
3.912781 -79.383140
3.250306 -78.139385
3.312753 -77.963926
3.312753 -77.963926
14.196614 -72.018429
14.196614 -72.018429
5.937924 -83.269683
3.502177 -77.877033
3.498774 -77.845165
3.563911 -77.875009
3.563911 -77.875009
6.297737 -83.291652
3.638376 -77.847690
3.688028 -77.831271
3.692214 -77.860272
4.447116 -79.162306
3.859190 -77.770975
4.720872 -79.539345
13.238832 -77.783330
3.942614 -77.791249
13.963768 -79.547960
6.404294 -82.906770
6.404294 -82.906770
6.439898 -74.325508
4.148435 -77.736012
4.238073 -77.702155
4.277271 -77.683545
4.277271 -77.683545
4.320581 -77.663069
4.335440 -77.668900
4.386266 -77.630017
6.779906 -82.666052
4.504150 -77.594600
5.125719 -78.978969
6.890611 -82.622756
4.593077 -77.563100
4.579925 -77.425084
4.579925 -77.425084
4.595984 -77.503199
5.157650 -76.210887
5.157650 -76.210887
11.806933 -76.461524
5.099605 -77.237226
5.947144 -76.694143
6.329593 -76.438771
5.126151 -77.283866
5.120990 -77.280800
5.183796 -77.253037
5.095861 -77.238599
5.273001 -77.189106
16.424440 -73.474315
5.348664 -77.153890
5.348664 -77.153890
6.971650 -80.383117
6.971650 -80.383117
5.494280 -77.041577
5.495277 -77.053080
5.574070 -76.997900
5.569008 -76.971266
8.061672 -82.162734
8.171270 -82.144734
8.188902 -82.157603
8.260717 -82.132710
5.861300 -76.778985
6.590049 -75.290822
5.947144 -76.694143
6.024805 -76.673825
13.106738 -73.607801
6.080156 -76.614387
6.136413 -76.569023
6.212602 -76.526603
6.207651 -76.520737
6.272719 -76.434136
6.348142 -76.379655
3.739825 -70.557603
6.470589 -76.335329
6.470589 -76.335329
6.460436 -76.346371
6.531675 -76.256777
6.608228 -76.262654
6.596118 -76.214437
6.700248 -76.195975
9.126012 -86.026074
6.770329 -76.130767
6.753239 -76.142187
7.109099 -75.794669
7.663250 -75.290300
7.797390 -75.169100
8.061580 -74.914300
8.374296 -74.470147
7.013330 -75.879300
7.485247 -81.604388
7.483021 -81.563027
7.159490 -75.748600
7.159490 -75.748600
7.168494 -75.592225
7.168494 -75.592225
8.925086 -79.171724
9.224298 -79.811026
7.377110 -75.553100
7.475757 -75.492128
6.901790 -75.984600
7.527132 -75.430016
7.527132 -75.430016
7.593090 -75.353500
7.663250 -75.290300
7.663250 -75.290300
7.734808 -75.221483
7.797390 -75.169100
7.797390 -75.169100
7.797390 -75.169100
7.861670 -75.111700
7.861670 -75.111700
7.928110 -75.050900
7.928110 -75.050900
8.003590 -74.980900
8.061580 -74.914300
8.061580 -74.914300
8.112400 -74.847600
6.961920 -75.931100
8.152480 -74.780100
10.377275 -79.367996
8.252036 -74.619939
8.253519 -74.618757
8.306884 -74.540296
8.317646 -74.551976
8.374296 -74.470147
8.388782 -74.478826
8.432082 -74.412660
8.431858 -74.412444
8.538679 -74.315805
8.538013 -74.263355
8.538013 -74.263355
8.591052 -74.246382
8.591052 -74.246382
8.675118 -74.215143
8.877140 -73.854800
9.127034 -73.181992
9.417132 -73.082217
9.390920 -72.918569
15.557233 -69.103620
9.842362 -72.094270
22.185990 -67.582323
22.185990 -67.582323
8.648860 -73.599352
8.877140 -73.854800
22.002072 -67.494584
8.926410 -73.786100
8.942106 -73.662737
8.982850 -73.712000
9.046811 -73.633235
9.087587 -73.557843
9.099290 -73.559800
21.524299 -71.476197
9.470035 -74.072192
9.127034 -73.181992
9.127034 -73.181992
9.269743 -73.359653
8.709591 -74.085194
9.343478 -73.251157
9.343478 -73.251157
9.370085 -73.135624
9.383772 -73.162728
5.460799 -64.478484
9.458962 -73.254720
9.465033 -73.010499
9.465033 -73.010499
5.454018 -64.719208
9.390920 -72.918569
9.353798 -72.923603
9.548267 -72.832004
8.655670 -74.148100
8.675118 -74.215143
9.590428 -72.741629
9.589829 -72.760599
9.624234 -72.646602
9.626430 -72.675399
21.971554 -66.341767
9.679514 -72.544254
9.722920 -72.478300
8.765723 -73.948958
9.756088 -72.414712
9.756088 -72.414712
9.776045 -72.329367
9.761931 -72.337968
9.758348 -72.294101
15.557233 -69.103620
9.787014 -72.249556
9.803851 -72.256651
17.190933 -60.762583
9.842362 -72.094270
9.848000 -72.084500
9.865160 -72.021752
9.865160 -72.021752
9.919550 -71.684900
9.883800 -71.925100
9.983850 -71.144500
9.895300 -71.847200
10.111992 -70.308691
9.910280 -71.766900
9.919550 -71.684900
9.919550 -71.684900
9.883800 -71.925100
9.940450 -71.515000
9.940450 -71.515000
9.957725 -71.431780
9.957725 -71.431780
9.954925 -71.338163
9.954925 -71.338163
9.968570 -71.236900
9.968570 -71.236900
9.983850 -71.144500
9.996780 -71.050700
9.996780 -71.050700
10.012900 -70.960300
10.012900 -70.960300
10.030200 -70.872100
10.030200 -70.872100
10.030200 -70.872100
10.045000 -70.784300
10.045000 -70.784300
9.895300 -71.847200
9.895300 -71.847200
10.072900 -70.616800
10.072900 -70.616800
10.083700 -70.535600
10.083700 -70.535600
10.094100 -70.452400
10.094100 -70.452400
10.105800 -70.369400
10.105800 -70.369400
10.105800 -70.369400
10.111992 -70.308691
10.111992 -70.308691
10.120800 -70.206200
10.130700 -70.122200
10.130700 -70.122200
10.130700 -70.122200
10.141470 -70.051658
10.141470 -70.051658
10.152700 -69.953000
10.152700 -69.953000
9.910280 -71.766900
9.910280 -71.766900
10.169300 -69.782700
10.169300 -69.782700
10.193056 -69.700960
10.193056 -69.700960
10.163653 -69.615387
10.163653 -69.615387
10.031935 -68.041196
10.148700 -68.753600
10.124500 -68.578300
9.996690 -67.861500
9.891479 -67.372060
10.201559 -69.358448
10.178006 -69.264169
10.178006 -69.264169
10.178006 -69.264169
10.168134 -69.172346
10.168134 -69.172346
10.168134 -69.172346
10.166163 -69.102421
10.182100 -69.528300
10.182100 -69.528300
10.161600 -68.927200
10.161600 -68.927200
10.153906 -68.842588
10.153906 -68.842588
10.148700 -68.753600
10.148700 -68.753600
10.148700 -68.753600
10.139000 -68.666500
10.124500 -68.578300
10.111900 -68.488300
10.111900 -68.488300
10.111900 -68.488300
10.097600 -68.399000
10.097600 -68.399000
10.083700 -68.313000
10.083700 -68.313000
10.051488 -68.221597
10.051488 -68.221597
10.181509 -69.436107
10.031935 -68.041196
10.031935 -68.041196
10.015000 -67.953500
10.015000 -67.953500
9.996690 -67.861500
9.996690 -67.861500
9.996690 -67.861500
9.979640 -67.773600
9.979640 -67.773600
9.963320 -67.689400
9.954112 -67.600912
9.930420 -67.526500
9.930420 -67.526500
9.915200 -67.449400
9.915200 -67.449400
9.915200 -67.449400
9.891479 -67.372060
10.201559 -69.358448
9.864110 -67.220500
9.678620 -66.623600
9.574280 -66.346100
9.823640 -67.068000
9.284430 -65.584600
9.791288 -66.995120
9.780680 -66.921400
9.780680 -66.921400
9.757200 -66.843700
9.757200 -66.843700
9.732940 -66.774400
9.704390 -66.698600
9.704390 -66.698600
9.678620 -66.623600
9.678620 -66.623600
9.658276 -66.552201
9.658276 -66.552201
9.627980 -66.489200
9.627980 -66.489200
9.602610 -66.421100
9.574280 -66.346100
9.574280 -66.346100
9.574280 -66.346100
9.574280 -66.346100
9.545060 -66.266800
9.519700 -66.191200
9.519700 -66.191200
9.519700 -66.191200
9.494930 -66.115300
9.466650 -66.038200
9.466650 -66.038200
9.439960 -65.968200
9.439960 -65.968200
9.439960 -65.968200
9.415244 -65.878559
9.415244 -65.878559
9.384080 -65.817400
9.384080 -65.817400
9.352650 -65.738000
9.317100 -65.660300
9.317100 -65.660300
9.317100 -65.660300
9.284430 -65.584600
9.284430 -65.584600
9.251530 -65.506500
9.251530 -65.506500
9.216260 -65.421100
9.216260 -65.421100
9.193198 -65.329655
9.193198 -65.329655
9.147310 -65.258900
9.147310 -65.258900
9.109910 -65.176900
9.109910 -65.176900
9.109910 -65.176900
8.887620 -64.706400
8.812090 -64.550800
8.668850 -64.265100
9.038470 -65.019200
8.591840 -64.101000
8.999470 -64.937500
8.963250 -64.867900
8.927560 -64.790800
8.927560 -64.790800
8.887620 -64.706400
8.887620 -64.706400
8.852890 -64.630804
8.852890 -64.630804
8.812090 -64.550800
8.780610 -64.486600
