0.381074 -80.060200
0.381074 -80.060200
0.381074 -80.060200
0.483719 -80.004700
0.483719 -80.004700
0.579146 -79.950800
0.675451 -79.900900
0.675451 -79.900900
0.769874 -79.855200
0.769874 -79.855200
-5.620543 -77.705030
-5.620543 -77.705030
0.972640 -79.757500
0.972640 -79.757500
1.077580 -79.709000
1.077580 -79.709000
1.180990 -79.659200
1.180990 -79.659200
1.285160 -79.606700
1.285160 -79.606700
1.396100 -79.554400
1.396100 -79.554400
1.396100 -79.554400
1.505920 -79.498800
1.615760 -79.448000
1.615760 -79.448000
1.717490 -79.394700
1.717490 -79.394700
1.821830 -79.343400
1.821830 -79.343400
1.920480 -79.285700
1.920480 -79.285700
2.007664 -79.237884
2.117980 -79.171000
2.117980 -79.171000
2.215580 -79.110900
2.312410 -79.053000
2.312410 -79.053000
-3.355295 -78.834013
2.905700 -78.677400
2.408990 -78.992700
4.193516 -76.432176
2.503980 -78.922900
5.048604 -77.607030
-3.355295 -78.834013
-3.608509 -74.492131
-3.608509 -74.492131
2.789555 -78.738571
2.789555 -78.738571
2.795585 -78.732710
-2.741586 -73.357161
-2.741586 -73.357161
3.011420 -78.615100
3.011420 -78.615100
3.115750 -78.546761
-3.850875 -72.867738
3.268518 -78.467229
3.379942 -78.359969
-4.855188 -77.158358
3.459612 -78.133435
3.459612 -78.133435
3.520852 -78.365232
3.520852 -78.365232
3.632470 -78.320400
3.632470 -78.320400
3.734750 -78.268600
3.734750 -78.268600
-2.312286 -71.710304
-2.312286 -71.710304
-2.312286 -71.710304
3.907387 -78.689622
3.907387 -78.689622
4.193516 -76.432176
-6.902738 -78.539209
4.143590 -78.070400
4.143590 -78.070400
4.249951 -78.102820
6.380415 -82.420033
4.377123 -78.014843
6.571793 -82.521438
5.253050 -79.564864
5.119297 -78.969801
9.984030 -74.169353
4.727018 -77.829642
6.392577 -80.617297
5.405518 -79.074277
10.136792 -80.591327
4.955579 -77.688197
8.917580 -72.616497
5.048604 -77.607030
7.259898 -82.138003
5.129477 -77.560581
5.129477 -77.560581
5.751750 -77.264200
6.232968 -76.979334
8.057389 -78.434356
7.458070 -75.762900
5.541960 -77.362800
5.541960 -77.362800
5.630072 -77.289024
5.647280 -77.316200
26.792065 -67.249496
5.852620 -77.210500
5.852620 -77.210500
5.946960 -77.145739
6.031096 -77.116620
26.811922 -86.711037
6.129686 -77.052265
6.232968 -76.979334
6.228314 -76.991251
6.336299 -76.930846
5.344330 -77.463000
6.412770 -76.864700
6.496960 -76.797300
6.496960 -76.797300
6.583250 -76.728700
6.662000 -76.647300
6.662000 -76.647300
5.251550 -77.517700
6.780636 -76.303068
6.824038 -76.387165
6.824038 -76.387165
7.087797 -75.454104
8.057389 -78.434356
8.057389 -78.434356
7.067249 -76.200905
7.080560 -76.209690
7.172969 -76.100234
7.173587 -76.120648
17.138964 -70.748328
7.256355 -76.005948
7.380487 -75.962447
7.330196 -75.889165
7.407961 -75.852263
7.458070 -75.762900
7.522280 -75.682500
7.522280 -75.682500
7.585260 -75.604400
9.118720 -73.368600
8.441901 -74.579628
9.003620 -73.573900
7.821800 -75.312000
7.821800 -75.312000
7.821800 -75.312000
7.647700 -75.528800
7.647700 -75.528800
7.960630 -75.167100
7.960630 -75.167100
8.033500 -75.091100
8.033500 -75.091100
6.610779 -76.164160
8.107170 -75.013400
8.181890 -74.931000
11.207322 -81.529985
8.251720 -74.848000
8.587708 -74.668683
8.314750 -74.764500
10.988365 -80.486617
8.371374 -74.678438
8.453520 -74.579300
8.451230 -74.552282
8.507666 -74.467032
8.524446 -74.456940
7.698430 -75.457700
7.698430 -75.457700
12.029131 -81.558971
12.029131 -81.558971
8.808457 -80.899153
8.808457 -80.899153
8.710292 -74.167120
8.744897 -74.098213
8.799766 -73.989874
8.798470 -73.990801
8.842880 -73.884200
8.842880 -73.884200
8.896280 -73.781900
8.853315 -73.756031
8.948560 -73.681400
8.992281 -73.570933
9.003620 -73.573900
9.063160 -73.471400
9.063160 -73.471400
7.758490 -75.386500
9.129108 -73.368178
9.189102 -73.254422
9.249391 -73.153241
9.291893 -73.058149
9.582714 -72.557820
9.801630 -72.050200
9.435130 -72.818700
15.413704 -62.276540
9.489290 -72.722100
9.530745 -72.665708
9.508611 -72.663592
9.548350 -72.630600
9.563409 -72.563555
9.592170 -72.544600
9.628785 -72.480475
9.625549 -72.477014
9.647773 -72.371638
9.641001 -72.376452
9.688197 -72.319442
18.501601 -61.148877
9.686562 -72.274140
9.742630 -72.214500
9.772360 -72.133500
9.772360 -72.133500
9.801630 -72.050200
9.801630 -72.050200
18.188521 -63.007667
9.856010 -71.984951
9.854660 -71.870800
9.854660 -71.870800
9.877510 -71.779300
8.918032 -59.223243
9.891560 -71.682900
9.905920 -71.580700
9.905920 -71.580700
9.912820 -71.473000
9.435130 -72.818700
9.920150 -71.364200
9.934940 -71.259600
9.934940 -71.259600
9.957097 -71.167805
9.942325 -71.152378
15.413703 -62.263125
9.935515 -70.931904
9.928540 -70.923835
9.958462 -70.839294
9.948330 -70.836500
9.949720 -70.730100
9.949720 -70.730100
9.950050 -70.627200
9.950050 -70.627200
9.947470 -70.529900
9.947470 -70.529900
9.945280 -70.430300
9.945280 -70.430300
9.943270 -70.327900
9.943270 -70.327900
9.940180 -70.222200
9.675880 -68.450900
9.938760 -70.117400
9.932930 -70.013500
9.932930 -70.013500
9.923210 -69.914700
9.923210 -69.914700
9.869240 -69.802776
9.791079 -69.769731
1.197848 -73.727341
1.204683 -73.717555
9.893370 -69.605600
9.881680 -69.492300
9.881680 -69.492300
9.881680 -69.492300
12.311994 -74.594401
9.867640 -69.379700
9.940180 -70.222200
9.853446 -69.267150
9.853446 -69.267150
9.840600 -69.157100
9.840600 -69.157100
9.802303 -69.059313
9.805890 -68.953200
9.805890 -68.953200
9.786450 -68.859700
9.786450 -68.859700
9.778302 -68.750221
9.778302 -68.750221
9.733654 -68.647377
9.733654 -68.647377
9.708480 -68.552500
9.708480 -68.552500
9.675880 -68.450900
9.643430 -68.355200
9.643430 -68.355200
9.938760 -70.117400
9.612690 -68.260800
9.574170 -68.160100
12.432681 -78.041647
9.538350 -68.062100
9.501830 -67.956300
9.501830 -67.956300
9.465340 -67.850100
9.465340 -67.850100
9.465340 -67.850100
9.415786 -67.738932
9.425610 -67.746200
9.386670 -67.637800
9.346570 -67.523500
9.346570 -67.523500
9.059820 -66.711800
8.922570 -66.364900
9.267710 -67.295500
8.335870 -65.151800
9.228700 -67.180900
9.187840 -67.061400
9.187840 -67.061400
9.146150 -66.943500
9.146150 -66.943500
9.102590 -66.824600
9.059820 -66.711800
9.059820 -66.711800
9.005035 -66.596719
9.005035 -66.596719
8.970430 -66.481500
8.970430 -66.481500
8.922570 -66.364900
8.872355 -66.263601
8.872355 -66.263601
8.827360 -66.146800
8.827360 -66.146800
8.772030 -66.028800
9.267710 -67.295500
8.717684 -65.909390
8.719470 -65.913100
8.665900 -65.802100
8.665900 -65.802100
8.611620 -65.689200
8.556550 -65.576800
8.500840 -65.468300
8.445690 -65.358100
8.390770 -65.251600
8.390770 -65.251600
8.335870 -65.151800
8.335870 -65.151800
8.335870 -65.151800
8.273308 -65.062380
8.227750 -64.957400
